443.439 436.39
-38.481 136.963
657.703 498.198
654.249 369.485
-557.581 -598.598
-475.448 -608.165
-263.566 563.083
728.18 -282.097
4.006 37.576
-629.423 -467.917
-262.809 506.233
619.876 -424.477
-468.765 427.695
-49.862 -87.468
-16.311 -77.619
-128.328 87.417
532.757 619.368
-475.542 -371.648
602.712 626.817
-366.871 648.602
-482.582 -533.559
37.454 -32.383
683.074 -413.42
700.33 -257.01
-409.273 684.38
566.895 632.059
-401.201 685.806
461.905 500.799
-373.061 643.765
534.152 473.74
-461.764 -554.62
573.509 -484.581
424.767 402.837
588.683 480.276
-76.902 -72.707
-437.083 -446.504
508.737 -391.857
-39.963 -26.321
-25.093 -89.494
43.496 -15.503
-68.999 -52.053
-326.359 642.155
600.482 -274.254
-376.071 555.026
-431.745 602.15
-432.299 -478.385
-454.583 753.712
644.255 -310.166
51.632 47.552
742.565 525.227
-511.947 -432.928
-519.345 -444.267
357.432 612.765
-530.081 -713.258
756.654 -248.177
441.64 583.053
-130.639 -64.049
-95.494 15.772
475.971 391.997
-522.469 646.799
498.291 384.806
-568.173 -655.101
-389.044 -459.117
-471.542 -644.254
625.117 431.558
-465.237 548.78
696.129 -330.791
-311.996 497.115
5.719 -37.347
-218.218 485.321
-552.431 -476.011
774.194 -348.158
-583.823 551.637
587.086 -229.868
711.528 -192.13
112.946 -134.565
-519.483 734.112
-488.246 -472.563
511.173 490.348
-483.56 791.254
-10.699 -9.008
432.808 519.149
812.868 -360.796
498.742 678.3
756.207 -324.042
615.577 507.815
-547.209 -559.468
818.833 -192.78
-292.682 695.341
-330.529 588.987
-493.957 -359.996
753.875 -428.184
-499.445 -364.127
491.683 429.072
60.207 95.151
-609.544 -463.373
-21.873 -22.99
285.824 415.678
783.134 -269.948
-433.974 -540.822
37.834 -77.241
-400.421 -523.82
-483.783 -487.811
541.711 606.541
-477.219 534.581
-452.293 437.322
113.242 15.086
-391.511 -510.578
-554.739 -464.486
367.538 554.684
-454.627 -494.368
-391.252 535.443
-437.598 -555.788
332.373 573.228
655.521 -268.546
-612.077 -426.44
37.821 -40.881
367.233 545.499
-506.497 -389.592
-346.226 647.276
3.52 8.985
505.595 499.095
435.765 647.395
502.936 446.397
752.823 -369.428
-361.357 492.443
481.331 594.638
468.893 510.38
-393.037 523.373
589.204 -315.958
482.087 375.668
678.79 -138.929
-97.416 7.175
-478.391 536.983
-342.505 -460.841
519.138 469.259
-638.716 -447.689
-355.507 -350.766
-512.892 -469.32
-524.14 617.686
-539.157 -536.611
700.039 -302.63
-105.528 21.641
-28.177 -44.696
635.154 -293.784
-403.144 531.019
-79.456 38.272
-375.802 -464.046
-418.305 -534.038
832.798 -341.999
-370.245 -526.197
-668.013 -457.263
-388.148 -365.932
-88.449 17.892
-563.516 -401.477
-401.268 586.882
1.204 -63.419
-677.227 -489.319
-532.257 -505.217
688.562 -341.321
19.49 68.924
527.776 535.946
-352.367 642.683
-489.608 -413.872
-379.51 603.224
-411.303 556.734
669.683 -325.291
441.296 540.004
-465.697 500.097
728.312 -333.144
32.992 -13.01
-381.13 541.135
-379.156 733.445
-495.275 575.729
-636.328 687.314
-478.899 -298.613
529.522 402.264
812.385 -408.424
726.742 -277.234
-601.371 -447.617
-573.412 -703.096
36.295 -83.194
599.905 462.414
-540.11 562.924
-434.857 662.933
-545.598 -416.156
726.999 -200.521
-457.535 -536.766
703.99 -292.093
97.791 4.122
-476.377 497.69
-425.549 733.492
9.178 -38.941
-466.561 -571.262
387.788 532.949
71.172 134.136
-489.049 -478.387
-509.434 -439.257
-471.447 -606.597
-493.366 -455.263
817.214 -399.986
477.209 521.473
690.574 -251.791
-303.057 547.652
-431.561 572.806
89.95 22.102
-58.835 21.959
-369.013 624.231
-441.8 691.613
676.881 -340.789
-401.305 506.104
-411.056 508.242
-339.543 714.675
-620.134 -549.798
-303.291 691.836
525.813 533.774
53.012 143.369
-31.989 23.281
721.721 -310.727
30.808 -3.723
535.303 539.548
639.344 415.349
762.933 -419.267
-108.986 -16.329
652.849 -270.616
-399.682 -363.905
-5.677 -117.678
-389.57 459.413
-573.701 -507.046
-367.712 637.184
98.001 5.52
395.623 399.12
662.99 416.123
-426.458 631.646
791.859 -337.271
11.045 175.372
230.343 -61.392
-411.706 515.699
-402.745 600.457
-548.525 -344.328
516.33 393.14
547.052 480.718
749.321 -318.745
-39.166 97.845
492.922 477.248
765.75 -389.505
-457.077 -511.492
-428.806 767.673
692.226 -304.826
40.385 102.467
-19.396 47.03
-0.325 4.391
641.88 -125.283
802.15 -184.839
379.143 418.109
-488.907 -490.137
-293.526 636.362
-329.58 713.9
-50.562 7.275
-435.757 -417.802
611.253 -276.755
-514.546 -490.493
426.418 367.262
120.633 108.527
-532.249 -515.374
-367.808 557.746
-435.149 524.327
776.987 -327.561
641.099 -240.641
746.101 -183.243
476.735 637.312
-441.207 -425.202
-561.544 -500.965
614.822 423.276
-472.483 -405.669
-3.896 -17.399
-417.144 -344.502
-593.609 457.623
-498.66 -413.35
-436.042 -397.991
-454.948 458.166
-506.692 -492.293
627.558 -264.546
615.411 -333.815
-547.609 -489.528
435.29 529.655
-371.129 -430.63
41.421 -60.698
474.609 557.883
44.241 -34.187
525.472 481.102
-320.799 -510.503
481.091 641.407
14.714 -3.932
503.648 502.15
-423.87 382.281
-598.236 595.03
687.545 -238.607
-416.058 532.454
-322.313 558.707
99.015 67.406
517.155 391.936
772.487 -252.191
-343.704 584.677
-512.127 -383.671
-603.224 -360.647
763.423 -336.251
734.275 -222.228
641.83 -292.952
581.468 692.509
-383.14 -473.595
-405.349 -603.729
400.637 453.831
4.785 72.107
856.717 -320.577
-417.217 684.597
-415.686 584.657
413.177 527.181
-422.341 509.648
-38.858 -101.516
-522.329 -566.561
564.046 -347.789
2.046 -54.629
86.889 129.781
-323.4 471.157
-590.971 -492.295
744.768 -311.388
500.241 504.439
30.673 201.242
-63.876 -17.493
93.229 -0.282
376.542 521.278
-476.302 -452.178
670.597 -262.99
760.1 -272.056
49.635 -11.906
-498.212 -554.931
-425.788 -582.42
-463.193 621.233
-424.746 -689.894
483.926 373.706
-531.761 -493.749
707.122 -272.537
600.341 -359.65
-454.633 -343.602
-324.721 688.345
645.477 -215.899
408.253 492.602
498.81 557.871
458.788 472.657
-333.481 501.879
-543.384 -538.198
0.493 36.233
-8.905 -109.064
-482.222 534.919
592.206 -342.236
27.212 206.474
843.63 -391.702
8.388 -190.817
-46.714 68.64
15.253 122.112
103.047 -6.051
-569.971 -530.538
612.782 -239.559
-502.226 -443.025
-546.955 685.591
590.318 653.128
343.443 478.749
65.839 -16.535
-479.212 664.131
300.504 478.484
565.113 -188.173
-85.274 -85.226
-581.238 -531.147
-105.324 -64.755
-480.68 -598.2
588.454 -215.568
-482.866 486.51
455.298 418.185
100.678 85.858
655.456 -397.993
-577.685 -451.879
710.706 -236.511
428.358 570.145
-320.563 -422.826
665.719 -347.971
-428.973 -503.07
-467.067 -505.822
37.548 32.455
161.24 24.876
597.321 412.694
-678.195 -535.991
-553.179 -449.913
-356.043 -549.598
-67.513 11.918
427.789 595.881
-21.358 -87.742
697.178 -275.828
37.216 -46.152
-392.699 650.052
652.66 -371.658
442.806 466.09
504.855 449.413
-376.505 490.469
460.762 691.43
496.759 509.856
-475.369 -474.959
-389.455 -582.719
-324.995 569.27
663.84 -274.449
-270.639 434.498
-389.731 -488.054
595.156 571.288
619.645 -373.462
617.727 -505.456
-533.254 689.496
771.282 -315.734
-32.016 -102.916
413.757 531.785
519.663 654.0
762.334 -280.968
409.785 462.209
-149.968 13.545
-458.842 -528.47
666.348 -195.578
657.943 -509.702
-109.107 55.867
-410.074 -574.926
663.148 -257.371
498.301 536.641
-5.085 90.97
143.887 58.051
-502.668 -517.947
-478.679 -395.2
-348.251 715.475
881.752 -329.98
627.274 -527.63
352.098 532.546
30.263 1.928
81.142 -5.006
704.434 -317.848
-7.279 92.369
-15.493 132.259
465.803 449.71
600.157 544.845
-349.675 670.949
-345.19 691.854
-505.335 -621.896
-130.301 49.133
44.978 62.205
-14.395 -87.798
693.532 -383.32
-423.868 711.675
44.397 126.289
-126.034 -25.875
-64.59 28.63
-302.33 626.119
-388.992 559.468
705.263 -357.523
-500.232 -462.616
622.848 -192.437
-488.394 -610.769
532.201 569.706
-538.823 -499.967
535.549 477.137
647.059 -486.639
525.348 399.895
-407.519 730.219
-127.842 -80.019
-22.835 -2.543
-522.252 -579.7
-504.352 410.519
783.847 -262.43
-609.487 -471.75
714.409 -321.781
-581.605 -530.604
551.899 525.041
651.521 -170.013
380.924 511.38
-123.725 -49.198
-436.98 518.67
795.32 -301.331
77.189 56.606
790.826 -270.924
-562.396 -420.847
483.421 450.361
-678.605 -518.777
-662.202 -555.34
577.058 599.102
-658.364 -479.473
51.012 78.946
690.426 -304.069
-8.616 -33.392
565.589 407.714
683.517 -174.768
-68.977 0.689
761.794 -277.652
676.683 -356.867
515.721 564.842
-467.708 692.261
403.192 410.613
-453.662 -428.448
686.678 -230.856
-495.202 626.917
-512.312 -509.507
-239.819 609.227
531.398 525.29
-451.126 -365.581
-457.836 752.066
89.764 -103.386
803.837 -431.061
681.227 -403.361
-89.574 -6.159
676.22 -262.703
480.565 545.223
522.837 573.51
636.041 -293.861
11.185 45.475
-649.56 -448.16
788.637 -353.846
868.964 -221.942
-369.444 618.962
545.269 558.071
-423.812 -508.606
-495.563 -476.605
27.721 -7.506
642.685 -370.951
520.214 612.775
-369.608 569.504
589.552 -302.367
383.094 424.576
-571.185 -478.261
495.03 550.241
440.12 577.264
763.307 -160.55
575.668 415.279
516.388 472.758
-407.272 -517.835
675.754 -409.875
509.626 524.242
-407.37 707.221
-349.302 438.499
520.538 556.958
-516.28 -491.067
64.82 34.587
-457.608 572.397
49.255 0.077
653.838 -389.845
63.699 88.051
501.892 420.052
-72.069 -8.918
513.793 515.261
728.29 -353.192
708.396 -300.547
64.939 -79.14
827.378 -267.213
705.386 -238.303
-545.615 -527.596
507.019 409.703
2.338 11.711
734.83 -474.968
-582.147 -563.029
377.601 388.156
-308.806 -484.731
591.129 520.825
816.022 -255.459
107.719 161.37
740.746 -456.897
587.673 537.744
-370.533 525.169
607.995 -295.098
-498.849 -505.754
-422.042 602.617
-552.111 -431.784
-500.012 -538.1
371.465 474.382
-46.934 25.623
477.695 531.076
729.55 -249.337
-354.116 486.556
410.499 601.555
547.505 457.659
512.926 503.491
648.324 535.192
-452.984 -453.3
-375.559 716.41
-317.313 666.721
214.285 12.115
696.427 -278.295
-559.284 -415.933
614.392 -313.566
-484.966 -568.96
-425.183 560.425
-396.967 -622.526
-442.668 -547.201
-265.214 453.55
446.174 438.604
742.698 -233.61
587.291 526.17
-454.215 -566.136
-25.32 84.014
746.404 -351.35
805.54 -344.521
91.235 70.83
-450.577 686.634
668.68 -329.598
-528.409 -475.012
643.519 -398.808
488.647 535.577
-530.823 -576.808
631.774 588.323
-39.888 -24.508
-691.635 -476.954
566.848 457.747
453.795 377.093
678.79 -187.514
635.735 -234.256
-431.721 -513.703
576.269 520.705
-322.024 505.086
477.513 652.503
-453.381 572.774
760.375 -355.019
-482.355 -610.6
-496.94 -631.415
749.196 -194.147
578.833 573.819
776.114 -366.691
-446.537 612.328
647.894 -244.477
-76.569 -77.437
625.463 -296.083
-485.04 -392.283
-400.966 -726.533
-271.263 -581.591
-467.346 556.993
-523.847 -579.873
665.304 -283.431
695.877 -215.185
-582.52 -729.22
775.076 -305.519
-27.28 -56.236
664.571 524.173
664.637 -243.456
403.202 412.34
553.742 509.789
553.835 502.472
592.764 505.905
804.428 -309.767
-383.954 -443.312
642.521 -259.9
592.319 463.767
732.83 -258.851
516.086 449.448
623.386 450.562
-431.339 553.08
-71.732 -156.299
541.021 691.508
17.284 -108.143
-516.361 -605.492
600.569 -316.345
60.586 -109.809
-318.759 561.703
30.227 91.955
561.45 -286.473
-597.974 -319.271
-503.489 -539.197
-509.053 526.089
455.145 609.763
-270.415 790.49
535.763 452.061
823.005 -361.331
765.646 -231.162
-489.3 678.964
-414.164 617.268
128.161 23.233
400.226 359.295
66.421 9.868
-138.465 -18.55
-533.695 -552.107
573.983 428.876
-501.212 -398.323
-396.942 -409.352
854.012 -275.936
636.319 -339.669
-492.171 -562.422
-552.769 -558.89
-390.092 -601.638
699.61 478.912
-500.628 606.827
-428.673 729.037
-690.582 -473.408
803.332 -229.097
-431.451 642.997
591.278 501.994
-203.254 -21.739
372.22 527.549
-375.538 713.975
499.534 399.342
-507.865 -404.588
495.185 404.238
-594.062 -507.61
438.713 792.096
-312.991 634.931
-459.482 -481.435
-450.128 557.197
-446.846 -367.939
523.661 571.989
17.043 12.423
624.595 -254.721
555.105 -377.968
-381.322 -549.881
629.168 -312.386
378.325 447.802
743.217 -124.612
639.184 451.261
98.476 60.862
-413.301 -491.056
-475.612 542.701
-451.774 -431.917
710.677 -314.845
643.399 -312.12
796.903 -255.996
865.062 -251.879
-416.538 -443.762
-388.95 599.261
-392.008 -468.416
-505.909 789.042
45.851 5.966
-110.996 26.512
684.22 -127.796
-428.569 -602.003
-435.918 798.475
4.829 -17.323
-528.015 623.288
-413.959 -519.503
486.04 438.033
-319.124 576.303
-431.061 603.836
547.25 612.646
-659.68 -497.056
-457.36 -433.383
-450.098 -444.987
734.772 -321.61
-53.161 22.476
763.013 -373.964
607.116 410.64
585.249 435.844
822.529 -259.746
664.449 507.687
680.866 -280.415
467.395 562.361
824.94 -373.706
729.017 -371.276
634.331 -297.121
591.854 -241.851
-374.099 709.572
-256.928 450.808
-438.745 -483.988
0.377 -37.909
19.357 80.361
669.709 -447.122
-429.185 -362.187
489.864 519.317
752.36 -322.472
-536.041 -464.219
597.222 -265.028
684.525 -250.928
-102.941 -260.993
-534.23 -545.407
-389.576 447.714
651.591 438.298
630.86 590.28
-456.636 -429.412
-528.667 -485.116
-433.646 -576.662
617.537 -390.615
602.94 -264.162
62.382 27.793
352.371 591.37
594.494 549.636
456.543 468.492
-470.151 -501.531
-487.363 555.243
675.247 472.465
-378.796 625.561
439.535 506.883
-564.638 -499.705
-377.123 686.613
83.404 -79.325
-456.897 -410.439
-20.615 -5.452
-7.587 74.307
-541.205 574.89
514.549 -295.165
-417.285 -544.525
-476.026 478.711
497.911 506.916
-162.636 -17.676
-416.425 677.812
111.176 -15.549
-406.496 483.571
7.481 -88.708
909.372 -261.724
-618.122 -548.235
-67.861 64.123
-409.714 -509.314
-470.493 -487.783
682.781 -240.999
-286.477 536.735
421.51 553.819
762.725 -262.519
750.473 -190.836
-488.273 645.112
5.467 118.82
558.903 352.795
-390.632 635.972
-84.323 71.349
8.689 2.641
-121.79 -66.333
431.883 423.477
432.527 386.516
619.548 -269.409
-423.624 -475.149
-543.353 -552.65
-50.78 5.671
438.397 574.521
-331.411 530.738
-558.392 -471.189
639.068 -240.796
522.161 468.291
714.362 -304.88
650.714 -361.123
-37.624 -7.399
757.225 -359.001
537.094 617.67
-209.508 623.015
-20.649 -6.394
-13.558 22.822
636.268 -202.239
-472.722 -574.618
453.625 637.403
-467.141 512.702
-373.082 578.839
-540.864 -516.444
-459.64 -502.127
384.766 485.449
13.107 -8.914
922.806 -80.164
-545.126 -485.355
-413.922 -473.828
125.035 -96.941
-35.876 -14.088
-437.629 -535.903
-347.65 664.037
-353.719 434.311
-409.235 641.762
397.464 525.392
-79.807 -74.75
165.505 -48.492
566.725 486.5
469.884 547.417
728.523 -250.074
474.311 474.151
540.824 590.174
-5.539 -38.518
676.489 -248.959
508.821 365.045
419.484 549.986
499.127 631.114
839.284 -491.734
595.527 -61.479
-556.706 -469.084
25.419 65.522
-477.312 570.4
-511.716 -458.759
-1.381 12.483
-24.561 53.049
-533.284 -702.598
-550.109 -599.627
-117.66 -64.356
21.335 62.044
-381.774 609.916
769.153 -332.64
-323.214 593.167
-350.716 680.924
-292.67 634.35
158.798 -54.385
-505.649 -404.744
-478.217 -402.757
-548.796 -394.731
-56.625 -42.561
80.016 107.244
681.806 -243.166
-290.088 -397.019
-276.414 564.167
-511.934 -533.457
426.032 380.873
11.248 52.102
410.792 567.117
-416.062 -489.835
877.233 -276.382
-346.009 -449.058
487.313 446.522
-324.994 -517.588
-293.937 679.856
30.001 4.033
-45.328 84.94
-302.908 524.841
413.858 387.848
653.229 -278.842
-365.269 607.916
359.397 443.718
-482.191 -599.162
698.432 -363.064
-447.191 554.262
-386.488 761.054
629.347 -322.733
556.507 482.015
-43.674 -118.295
560.372 463.705
-332.234 -658.182
571.423 587.362
-160.519 -9.439
-541.015 -490.459
-75.343 -102.696
473.81 520.971
597.248 384.997
-383.854 642.877
-277.873 475.971
476.516 486.313
449.255 382.898
-557.313 -580.954
611.758 440.246
674.936 -304.149
-499.368 675.355
-467.415 577.235
-538.001 708.488
385.472 470.582
-394.341 687.595
472.711 484.23
-456.785 -413.624
-514.391 -587.818
566.129 498.152
-406.922 -412.308
612.299 -340.227
-37.018 -15.894
-502.419 603.558
658.952 -350.462
-349.076 757.063
-399.294 548.533
698.535 -263.523
-320.909 558.898
693.658 -361.088
515.267 646.047
603.291 555.209
652.449 -411.654
584.119 520.64
-451.051 483.93
-253.666 480.363
-552.524 -380.33
-411.667 -352.476
-97.63 -38.548
441.19 598.296
-546.099 599.327
-44.517 62.762
398.341 367.996
-415.709 632.022
-619.282 -371.639
-388.754 580.454
-32.261 -1.828
-462.065 666.811
501.146 449.373
837.678 -335.649
601.027 515.183
-31.459 -127.202
-463.183 551.541
568.653 -220.525
-43.416 104.82
-379.643 665.794
679.2 -282.992
793.043 -380.427
-330.372 526.615
-331.725 599.014
-364.161 567.966
56.74 21.75
500.336 441.191
-111.682 80.636
802.919 -277.053
-375.956 608.416
659.415 -162.397
365.081 437.361
48.493 -59.667
-581.124 579.649
480.067 504.504
621.997 -240.756
-419.802 529.144
-35.472 -3.589
529.029 442.503
66.431 79.763
