34.505 -103.027
-96.643 -235.892
495.104 509.612
-504.994 -604.736
-30.881 -75.999
-487.32 -510.613
-449.572 503.831
511.946 551.129
-653.455 -557.961
-313.657 549.954
-47.949 9.659
-449.276 -685.603
-1.196 90.091
745.713 -380.718
-469.996 533.037
672.283 -269.146
-331.788 590.183
-327.569 583.455
759.498 -196.862
-445.576 -460.583
-490.163 -546.197
-440.838 -571.823
-498.015 661.809
-571.86 -458.208
459.026 508.286
-9.843 29.177
-431.817 -427.495
682.446 -280.158
711.854 -383.906
-158.952 26.922
525.559 410.341
645.719 427.964
631.342 -267.825
516.198 481.019
-373.699 653.534
596.822 495.703
-539.07 -540.717
-488.701 -507.139
488.812 567.3
-428.454 529.083
-439.444 -461.416
709.802 -125.37
-626.963 -502.912
-577.666 -502.436
-396.64 -503.097
120.077 8.949
706.803 -271.741
-353.016 653.092
-428.459 661.202
-396.476 -534.149
-99.844 -140.297
33.162 -34.389
542.967 552.694
52.868 21.048
-328.163 734.287
98.653 -122.576
-328.389 465.529
585.858 479.098
-538.28 -484.87
-31.48 16.9
405.129 347.402
-105.156 24.158
-387.367 603.153
570.139 458.208
-501.851 -539.781
-505.291 620.911
-464.438 650.815
920.203 -244.737
691.593 -306.254
-490.624 -408.916
781.185 -250.567
479.849 586.04
796.208 -276.023
114.715 18.42
537.943 375.406
213.892 177.743
605.725 490.349
-214.062 536.113
-40.196 -155.949
675.77 -257.847
-337.209 551.852
-113.369 -83.155
-405.858 529.974
523.577 505.704
-426.211 583.078
618.899 -96.99
-55.077 19.555
438.758 564.366
813.022 -379.968
-501.037 635.466
539.242 546.486
740.593 -376.927
-581.324 -540.805
-618.134 -501.782
-53.426 -179.614
-96.56 -15.624
675.622 -342.056
-367.806 601.604
191.478 8.919
-473.924 -473.233
