-61.457 -512.46 307.043 -143.961
519.366 -248.109 904.373 136.898
-708.176 -427.578 -449.15 -168.552
-323.271 -378.866 7.525 -48.07
267.43 -397.515 612.082 -52.863
-849.572 -604.135 -527.644 -282.208
198.18 -300.978 450.56 -48.597
82.158 335.901 179.554 433.297
-231.973 -322.36 -131.007 -221.393
-309.293 -867.986 -27.276 -585.969
-48.897 -758.854 184.29 -525.666
-193.819 -555.819 -98.821 -460.822
313.35 -194.015 711.928 204.563
357.729 688.14 421.092 751.503
162.402 -500.337 410.38 -252.36
179.68 -301.778 389.8 -91.659
-335.265 41.92 -257.595 119.59
-542.557 -832.845 -449.022 -739.31
-88.44 345.75 253.33 687.52
-854.8 479.496 -586.744 747.552
-681.765 516.347 -583.865 614.247
-660.085 160.337 -302.627 517.795
466.571 -217.136 749.694 65.987
-669.105 -142.619 -540.914 -14.429
-655.8 287.327 -507.134 435.993
-745.366 666.41 -630.026 781.75
632.464 369.561 835.807 572.904
310.042 280.407 435.466 405.83
80.138 123.748 455.913 499.523
-618.076 -666.489 -242.956 -291.369
141.328 -64.916 409.361 203.117
-556.24 -336.058 -361.088 -140.906
135.435 152.917 523.569 541.051
379.366 17.603 728.436 366.674
298.721 -713.198 484.254 -527.666
359.266 -494.603 738.625 -115.245
17.921 -127.509 141.46 -3.97
171.111 -156.879 258.758 -69.232
307.616 577.799 424.261 694.443
182.438 -889.899 475.907 -596.43
-239.481 18.657 -51.387 206.751
-19.193 -691.504 173.313 -498.997
523.036 89.811 713.197 279.972
-331.284 556.219 -15.412 872.091
293.564 498.409 468.345 673.189
440.821 -43.472 519.564 35.27
-418.401 -368.041 -83.155 -32.794
-766.068 608.026 -395.296 978.799
-56.891 -205.586 215.133 66.438
192.908 501.901 354.985 663.978
164.979 -446.496 391.115 -220.36
349.453 101.303 410.476 162.326
578.006 -305.857 891.051 7.188
191.727 518.821 574.228 901.322
-11.074 381.22 114.378 506.672
-686.521 -655.695 -394.144 -363.319
-625.763 600.409 -281.288 944.883
85.14 -170.306 310.875 55.429
460.201 -764.486 793.299 -431.389
708.978 -133.788 842.384 -0.382
157.546 -289.928 261.765 -185.709
-88.943 68.404 296.947 454.295
-650.404 101.271 -416.183 335.491
-848.399 -454.509 -568.475 -174.586
367.81 -69.981 472.0 34.209
576.448 -358.857 916.848 -18.458
445.613 -258.181 690.211 -13.582
-8.605 431.656 165.134 605.394
-370.048 -675.627 -102.127 -407.705
173.43 -476.08 297.553 -351.957
-764.453 344.262 -471.606 637.109
-644.483 -679.087 -249.752 -284.356
-224.771 40.16 -105.219 159.713
-756.853 -259.752 -543.44 -46.338
-200.57 -714.619 158.609 -355.44
-664.184 497.425 -488.204 673.405
416.115 -745.796 537.6 -624.311
-345.7 53.901 -58.015 341.586
-151.355 179.515 -9.498 321.372
-750.491 128.92 -699.242 180.169
-151.074 -21.229 -11.633 118.212
589.496 90.507 740.381 241.392
-479.452 635.999 -386.626 728.825
-242.451 185.058 -92.511 334.997
-294.737 109.052 3.998 407.788
-151.875 -433.745 183.637 -98.234
-145.907 -797.4 -20.884 -672.377
-881.573 -404.873 -502.754 -26.055
-945.386 -149.282 -573.112 222.992
-474.776 -541.766 -88.34 -155.33
-268.248 173.9 63.326 505.474
-786.126 235.234 -673.83 347.53
-217.843 346.27 -164.781 399.332
-482.635 56.254 -357.418 181.472
694.488 414.188 794.285 513.985
705.484 -429.578 852.593 -282.469
-538.649 14.623 -278.642 274.63
306.888 495.23 577.102 765.444
-844.963 -172.441 -578.28 94.242
624.025 -866.912 761.118 -729.819
388.006 412.8 531.351 556.145
-744.991 -30.596 -661.236 53.159
-240.123 -440.851 -35.983 -236.711
-186.821 -127.964 -40.035 18.822
-431.819 -486.609 -87.287 -142.077
-380.616 541.245 -292.028 629.832
67.832 239.627 225.292 397.086
144.792 503.22 522.434 880.862
-42.205 -262.442 266.414 46.177
-654.917 -777.621 -491.705 -614.408
-279.407 -86.066 101.705 295.046
-909.889 606.668 -592.04 924.517
-913.602 66.246 -615.417 364.431
-397.585 -66.796 -20.891 309.898
724.072 -206.046 802.647 -127.471
-203.123 341.766 66.453 611.341
90.431 611.451 256.137 777.157
-161.931 128.36 -69.187 221.104
-938.286 -97.53 -554.949 285.807
-354.185 -704.559 -29.735 -380.109
-720.06 349.781 -477.259 592.582
220.755 152.056 298.442 229.743
-754.276 535.653 -426.954 862.975
454.549 4.033 796.152 345.635
-303.955 363.115 -234.784 432.286
-479.075 -803.129 -398.008 -722.063
-372.459 14.976 -63.519 323.917
-675.202 -145.517 -363.083 166.601
595.295 280.924 695.948 381.577
-358.003 176.131 -93.505 440.629
470.381 502.632 627.738 659.989
-585.627 457.504 -506.544 536.586
587.898 363.214 924.054 699.369
305.356 479.309 431.754 605.708
-331.908 264.642 -56.691 539.859
-382.79 -618.341 -270.438 -505.988
-487.244 -463.917 -411.287 -387.96
-267.52 519.894 96.198 883.611
-734.219 -144.226 -337.657 252.337
485.446 687.073 623.336 824.963
477.05 428.473 565.227 516.65
-798.69 -74.103 -500.99 223.597
147.457 0.595 362.578 215.716
413.871 -434.093 616.202 -231.763
150.856 550.625 342.323 742.091
-686.081 -243.459 -634.518 -191.896
-223.5 -912.022 15.945 -672.578
-135.391 -103.828 45.858 77.422
249.418 -568.417 450.247 -367.588
-853.595 -14.775 -721.448 117.373
-854.359 165.789 -495.72 524.428
471.6 -500.167 823.357 -148.409
175.341 -464.506 362.935 -276.912
534.112 -563.209 593.344 -503.978
-62.95 589.53 -11.679 640.801
-47.042 200.817 170.508 418.367
-162.59 373.704 58.657 594.951
-762.52 239.553 -429.053 573.02
-326.364 136.09 -120.451 342.002
558.951 296.131 820.827 558.007
399.588 -215.913 528.377 -87.124
641.013 -356.38 729.787 -267.606
162.236 -726.276 397.719 -490.793
-474.485 372.92 -93.657 753.748
480.991 -204.194 751.151 65.965
-474.837 698.812 -281.151 892.497
479.35 -666.67 582.523 -563.497
562.847 -371.021 849.246 -84.622
702.97 -403.977 884.298 -222.649
-258.666 -519.434 -95.003 -355.77
-171.733 -789.375 -83.958 -701.601
-527.935 679.084 -355.742 851.277
-64.53 -416.901 97.534 -254.838
422.669 710.718 576.115 864.165
-84.23 -201.461 30.762 -86.468
-670.967 -595.451 -568.495 -492.978
-209.097 698.763 -143.37 764.49
39.62 458.658 90.369 509.408
438.68 460.612 611.762 633.694
-514.031 -102.551 -305.268 106.212
220.74 -304.149 527.746 2.857
-287.939 -477.454 -35.114 -224.629
-118.982 263.992 53.368 436.342
-923.524 475.347 -665.621 733.25
-141.691 446.806 248.884 837.381
-852.877 294.795 -746.712 400.96
-550.326 588.906 -396.575 742.658
-317.644 -857.688 -9.944 -549.988
17.821 588.854 114.551 685.584
-843.969 146.008 -681.424 308.553
-348.402 375.096 -117.453 606.044
-95.615 -143.073 127.196 79.738
601.903 -41.065 778.564 135.597
651.465 459.994 861.787 670.316
-956.188 383.871 -632.802 707.257
-116.267 -775.075 108.86 -549.948
-363.157 433.109 -165.024 631.242
-37.785 -600.62 255.385 -307.45
297.509 263.786 473.445 439.722
-809.245 63.569 -736.186 136.627
361.601 -410.386 507.083 -264.904
-311.377 -571.476 -77.259 -337.359
-222.873 -818.401 92.257 -503.271
682.599 55.872 804.076 177.35
134.138 87.844 452.577 406.283
-840.866 -468.542 -461.107 -88.784
-143.099 -579.911 205.431 -231.381
153.919 522.959 373.021 742.062
-642.43 -628.585 -338.182 -324.337
-539.252 689.43 -321.11 907.573
599.461 564.426 873.899 838.864
92.161 551.932 389.349 849.12
-793.247 237.026 -497.609 532.664
273.836 -416.87 361.991 -328.714
-364.617 -132.257 -20.72 211.64
-954.641 40.031 -576.838 417.833
-878.579 -439.635 -585.802 -146.858
-449.856 492.345 -253.043 689.157
-728.48 -696.105 -554.529 -522.154
368.386 679.91 442.547 754.071
293.318 184.237 405.808 296.727
671.228 -622.382 911.047 -382.562
684.571 514.426 783.504 613.359
503.437 -851.934 767.586 -587.785
-670.772 530.902 -607.182 594.492
-129.227 143.586 -7.647 265.165
-219.51 385.127 1.14 605.777
110.223 107.617 491.005 488.398
-57.374 579.85 59.42 696.643
-339.764 396.31 -121.217 614.857
-94.182 468.393 145.044 707.619
483.953 669.578 713.082 898.707
-473.542 38.928 -341.884 170.587
487.238 -800.586 870.776 -417.047
568.567 -446.816 806.844 -208.538
-212.0 314.609 18.517 545.127
-254.086 -827.732 -50.775 -624.42
-12.293 -446.442 99.133 -335.017
596.578 482.971 649.973 536.366
387.482 -432.645 657.468 -162.658
-945.766 -28.917 -602.122 314.728
681.172 240.839 737.268 296.935
561.381 -819.345 755.75 -624.977
309.315 -905.323 521.502 -693.136
-560.532 -622.176 -281.537 -343.181
632.614 -856.325 806.202 -682.736
-619.434 -697.058 -234.723 -312.346
-770.991 89.216 -675.505 184.703
289.647 -87.666 348.852 -28.461
568.457 521.265 718.332 671.139
318.628 409.081 677.993 768.446
-481.437 -526.781 -209.234 -254.579
-217.417 362.774 42.661 622.852
474.324 296.697 539.135 361.508
142.003 -395.178 410.463 -126.718
-827.537 -589.098 -645.872 -407.434
-904.391 322.291 -585.814 640.869
-349.171 8.483 42.495 400.149
483.587 -166.402 619.621 -30.367
-352.227 -841.379 -190.637 -679.789
-584.617 -836.286 -400.705 -652.374
74.055 226.248 199.148 351.34
239.343 -709.664 635.542 -313.465
-266.877 457.654 83.205 807.735
443.228 -436.824 726.388 -153.665
264.895 216.232 574.373 525.711
-48.368 -969.917 304.174 -617.375
17.673 519.64 233.015 734.982
648.367 -61.596 808.882 98.92
-171.615 428.825 -7.862 592.578
-508.615 664.62 -449.756 723.479
46.998 -883.671 385.278 -545.39
392.809 -155.715 514.21 -34.315
-680.983 -439.192 -314.329 -72.538
-242.25 137.39 -91.809 287.831
306.893 80.599 479.969 253.674
-765.43 -273.578 -599.363 -107.511
-569.169 -643.022 -517.775 -591.627
-334.964 -832.739 30.933 -466.842
-752.216 -774.961 -566.83 -589.574
-498.844 -750.295 -164.248 -415.7
-796.953 -285.737 -520.874 -9.658
529.397 455.023 847.511 773.138
382.131 -445.097 637.975 -189.253
-675.048 83.966 -443.362 315.652
429.675 316.684 823.106 710.115
-389.996 -299.734 -98.904 -8.643
-337.712 306.22 -279.371 364.561
418.026 -806.901 772.259 -452.668
-519.989 -370.617 -368.354 -218.982
560.028 -569.277 729.144 -400.16
-770.782 -194.535 -703.911 -127.665
-443.408 -6.694 -315.23 121.485
-416.616 490.515 -124.408 782.723
-955.603 -432.046 -588.394 -64.836
-138.298 -623.917 63.683 -421.936
-411.702 -119.546 -72.112 220.043
209.691 -918.153 544.341 -583.503
-17.779 258.401 34.855 311.035
-13.827 366.85 156.523 537.2
-328.144 -544.184 -45.036 -261.075
287.883 253.239 384.835 350.191
195.641 -704.022 252.326 -647.336
-517.56 651.806 -420.354 749.011
556.22 -755.576 726.564 -585.232
214.138 305.279 600.891 692.033
242.741 406.613 374.211 538.083
-105.627 147.481 206.628 459.735
-211.804 -154.822 107.681 164.663
-615.61 -536.944 -442.936 -364.27
614.406 44.591 691.323 121.508
239.728 -359.629 418.002 -181.354
68.214 80.76 440.692 453.238
-229.13 372.569 53.633 655.332
-671.818 516.399 -390.359 797.858
-233.339 507.661 85.858 826.858
251.47 -429.088 641.206 -39.353
-824.326 163.414 -749.47 238.27
245.123 643.304 307.971 706.151
-368.384 568.113 21.86 958.357
-879.392 -290.738 -500.738 87.916
417.11 -560.794 712.36 -265.544
-738.855 -319.537 -542.316 -122.997
268.002 -875.223 583.728 -559.497
-21.088 -353.719 32.05 -300.58
140.66 -405.749 380.322 -166.086
-382.009 -887.517 -150.673 -656.181
-908.794 -395.801 -586.985 -73.992
-364.46 70.655 -254.797 180.318
-236.056 231.876 7.77 475.702
557.874 -243.538 922.4 120.989
-734.752 -31.123 -346.957 356.672
47.222 -309.244 423.821 67.355
392.591 212.446 447.757 267.612
-740.715 83.165 -355.045 468.834
379.423 -849.248 598.43 -630.241
-678.024 500.523 -581.798 596.749
-292.63 -385.776 -108.751 -201.898
-576.71 -57.4 -235.444 283.866
-953.005 -325.268 -588.039 39.699
-359.331 -855.614 -184.239 -680.522
-168.087 -269.555 97.325 -4.143
421.872 -169.313 472.436 -118.749
597.534 -291.723 997.465 108.208
694.249 215.244 786.049 307.044
451.203 620.712 546.623 716.132
670.778 137.841 820.646 287.708
385.137 116.954 780.437 512.254
-492.325 517.833 -437.241 572.917
184.498 481.902 565.429 862.832
154.794 -635.019 469.096 -320.717
588.959 -400.693 840.785 -148.868
58.304 134.585 104.612 180.894
-130.874 14.218 -53.23 91.862
733.24 646.456 835.992 749.209
368.608 -560.003 494.11 -434.502
-347.299 373.643 -250.463 470.48
263.154 335.391 541.899 614.136
-118.427 -187.551 -39.583 -108.707
173.887 -933.466 505.039 -602.313
42.741 -321.425 168.908 -195.257
35.552 -879.699 223.325 -691.926
-340.048 501.621 13.778 855.447
-264.991 -604.115 -133.494 -472.618
-666.829 -424.392 -364.59 -122.152
-209.771 -507.407 -163.773 -461.41
-148.128 416.702 118.106 682.936
-120.399 598.219 27.292 745.909
-575.869 -890.803 -317.98 -632.913
-896.103 580.093 -553.5 922.696
-862.78 68.285 -502.745 428.32
-298.94 -130.243 -109.571 59.127
527.687 -247.597 927.647 152.363
319.22 -30.229 553.338 203.889
-254.617 -87.991 -141.112 25.514
233.765 522.478 348.946 637.658
-774.476 281.371 -420.206 635.64
663.017 -505.855 923.216 -245.655
443.781 621.791 783.313 961.323
-277.982 -198.406 103.702 183.277
-492.94 -173.802 -198.822 120.316
376.979 -748.892 710.564 -415.306
256.027 234.501 357.676 336.15
-944.002 -764.14 -545.374 -365.512
740.735 68.448 805.068 132.781
-177.927 -391.153 -30.185 -243.411
22.871 -477.855 310.012 -190.714
-774.28 39.822 -391.379 422.723
-267.609 514.72 -152.307 630.022
198.84 -192.412 400.266 9.014
311.923 -497.352 527.228 -282.047
2.53 -937.228 361.454 -578.304
-139.247 -329.485 4.995 -185.243
392.75 -295.397 621.299 -66.848
166.56 -493.982 272.385 -388.156
188.605 64.026 537.868 413.289
748.592 718.731 791.432 761.572
-723.848 -155.605 -657.13 -88.887
-676.086 323.957 -383.96 616.083
-511.988 30.259 -141.978 400.27
-747.485 231.673 -633.975 345.183
-453.113 650.878 -263.396 840.596
454.267 651.304 529.825 726.863
-343.02 -502.772 27.009 -132.743
381.325 280.568 564.128 463.371
-833.854 270.361 -708.713 395.502
-2.403 543.754 105.499 651.656
196.512 539.312 296.592 639.392
563.63 -77.754 639.087 -2.297
-41.29 -376.327 340.953 5.917
576.522 571.269 684.328 679.075
-150.631 126.468 135.351 412.449
-360.433 -497.592 -21.103 -158.262
-242.029 248.128 -18.247 471.91
-87.39 -616.944 303.112 -226.442
514.512 -153.059 733.122 65.551
93.853 417.785 493.172 817.104
516.756 26.298 671.329 180.87
125.308 -485.355 179.981 -430.682
-546.298 664.307 -293.523 917.083
-336.752 166.464 26.331 529.547
-886.469 -804.101 -535.57 -453.202
595.974 -267.529 664.175 -199.328
-14.006 -814.606 40.895 -759.704
228.998 36.498 449.601 257.101
57.144 445.507 440.292 828.655
-831.938 82.604 -531.51 383.033
351.871 -254.018 475.653 -130.236
-100.498 -845.712 128.092 -617.122
272.781 648.944 351.75 727.913
-111.105 -928.738 270.552 -547.08
182.345 -954.876 546.22 -591.002
513.875 510.636 805.692 802.453
-358.912 394.394 -300.176 453.13
-662.662 -970.125 -284.444 -591.907
-357.074 80.597 -286.607 151.063
-654.781 -654.365 -381.049 -380.633
-476.776 -731.607 -200.086 -454.916
226.407 -538.545 611.781 -153.171
-72.637 -43.897 76.941 105.681
-318.855 375.812 -37.163 657.504
87.665 -692.747 234.38 -546.032
393.23 658.237 448.438 713.445
39.278 -481.884 409.947 -111.214
687.692 236.024 831.26 379.592
-358.051 561.746 -255.224 664.573
-391.446 -160.455 -58.34 172.651
389.219 691.667 505.917 808.364
30.013 292.41 334.582 596.979
213.6 -208.737 430.196 7.859
-547.783 640.351 -380.541 807.594
-60.686 641.227 118.105 820.018
-444.412 -14.642 -237.907 191.863
329.536 -410.636 628.039 -112.132
-30.452 139.241 343.985 513.678
-151.922 246.879 167.091 565.892
-206.032 -870.755 51.305 -613.417
523.464 599.449 756.177 832.162
518.09 -323.669 659.028 -182.731
-863.705 347.866 -485.634 725.937
589.842 -553.16 771.524 -371.478
-763.814 351.939 -533.92 581.833
-907.252 -722.111 -531.126 -345.985
-801.926 96.934 -599.353 299.507
-91.158 -72.593 94.987 113.552
-659.671 -55.987 -471.316 132.368
-442.643 -32.092 -272.108 138.444
189.132 -51.818 347.906 106.956
419.155 -262.48 582.013 -99.623
293.105 -206.688 601.879 102.086
-592.76 -365.004 -217.001 10.755
-576.879 -184.39 -420.114 -27.625
-706.697 -186.824 -354.576 165.297
93.93 470.629 423.408 800.107
414.903 -819.61 763.102 -471.411
576.635 374.916 650.526 448.807
480.066 81.025 687.736 288.696
-828.122 140.905 -569.437 399.589
-225.209 -711.062 -1.623 -487.476
-736.85 -446.766 -493.881 -203.797
283.81 -56.702 580.309 239.796
-123.341 171.597 -67.125 227.814
-955.163 -614.185 -586.711 -245.733
-65.413 372.967 119.523 557.903
-23.06 -91.717 367.088 298.431
-246.47 454.188 -179.844 520.814
375.274 -620.796 732.474 -263.596
-737.422 595.036 -678.744 653.714
110.463 88.481 291.704 269.722
332.257 -138.837 644.878 173.784
29.608 -264.263 180.485 -113.386
-214.516 -347.05 22.4 -110.134
-202.59 -376.765 -162.332 -336.506
162.117 303.246 352.482 493.611
-600.67 -340.821 -263.728 -3.88
-581.231 -151.749 -512.859 -83.378
-83.777 601.343 293.864 978.984
135.576 -974.851 511.022 -599.405
72.388 85.78 145.29 158.681
-120.488 -448.827 211.998 -116.341
71.099 -656.342 213.145 -514.296
340.775 -661.626 647.209 -355.191
-426.512 -25.168 -106.281 295.063
-386.151 371.005 -113.077 644.079
-200.958 667.176 -155.284 712.851
-515.585 -441.742 -326.264 -252.42
-402.874 406.912 -171.864 637.922
-582.442 628.224 -458.032 752.634
157.887 -116.499 465.894 191.509
-620.457 -220.656 -383.602 16.2
440.475 -444.669 726.136 -159.009
-452.597 -636.947 -132.392 -316.742
-540.844 282.37 -153.469 669.744
-606.837 -3.763 -302.748 300.326
279.67 -495.697 479.742 -295.625
-331.925 -209.762 62.996 185.159
75.523 -86.558 203.027 40.947
591.646 -752.487 801.418 -542.715
730.058 -807.732 824.222 -713.568
-56.693 428.489 253.386 738.567
-629.139 -361.6 -306.411 -38.872
-934.164 -917.894 -578.422 -562.152
-819.464 -54.488 -594.827 170.148
-925.506 19.378 -644.602 300.282
-906.717 569.068 -616.52 859.266
-182.986 -4.872 143.673 321.787
446.414 160.334 822.629 536.55
493.053 -938.136 838.213 -592.977
180.451 -420.722 277.709 -323.464
65.619 -872.275 415.149 -522.744
112.592 -937.027 468.814 -580.805
697.745 -401.527 776.274 -322.999
-363.296 459.743 -99.189 723.849
349.186 -716.375 413.036 -652.525
283.099 -270.912 369.575 -184.436
357.955 -675.206 450.261 -582.899
-784.278 -177.545 -495.845 110.888
-326.724 -750.435 -189.655 -613.366
144.968 44.236 201.593 100.861
412.976 -736.589 806.362 -343.202
-885.601 -385.495 -545.643 -45.538
450.746 -50.232 565.326 64.348
345.452 -878.62 572.724 -651.348
-361.062 -714.527 -306.415 -659.879
-225.093 150.508 -40.976 334.625
131.364 575.518 354.812 798.966
-273.991 -386.05 82.533 -29.526
597.11 -687.534 794.991 -489.652
513.216 -635.111 560.073 -588.254
-471.61 254.892 -154.895 571.606
-42.94 -744.617 80.285 -621.393
-485.836 109.731 -225.647 369.92
-685.351 -745.073 -581.138 -640.861
88.28 -530.463 216.762 -401.981
696.429 -492.344 793.233 -395.54
342.746 37.923 517.608 212.784
-151.811 -490.161 -6.156 -344.505
54.323 367.102 280.465 593.244
-261.494 -360.474 -108.925 -207.905
-438.76 550.135 -171.314 817.581
-810.651 71.275 -617.562 264.363
420.484 -415.641 571.978 -264.148
601.651 154.893 813.723 366.965
-222.506 -408.049 155.923 -29.62
-150.752 -569.845 -91.172 -510.264
-475.741 -199.435 -124.207 152.099
652.658 319.605 914.543 581.49
601.984 576.319 973.103 947.438
-147.442 -668.597 142.995 -378.159
587.578 -603.094 949.6 -241.072
25.795 79.207 291.43 344.842
-5.959 -97.502 354.654 263.11
695.98 35.122 845.252 184.394
-593.144 -223.866 -393.569 -24.291
-321.012 -545.779 -71.122 -295.889
-684.207 645.829 -405.935 924.101
339.621 -708.015 449.89 -597.746
-504.159 -686.641 -433.325 -615.806
48.533 -821.845 296.229 -574.149
-854.777 -6.718 -701.051 147.008
-225.006 481.682 76.578 783.266
133.301 599.159 420.682 886.54
-539.099 -757.69 -177.741 -396.331
-968.44 370.211 -589.055 749.596
-909.889 -204.96 -599.139 105.79
156.534 -120.466 449.636 172.636
-861.848 -861.546 -488.606 -488.304
465.347 -402.06 670.41 -196.997
-650.973 -525.746 -262.771 -137.545
497.868 -960.56 871.948 -586.48
-237.676 -843.964 3.182 -603.106
70.968 -476.352 438.166 -109.154
-120.589 -736.285 79.667 -536.029
184.527 -805.772 358.413 -631.885
-73.574 98.481 54.551 226.606
-120.657 -200.787 -1.811 -81.941
-323.216 -108.521 -235.681 -20.986
-21.621 -276.796 142.642 -112.533
-768.218 431.457 -567.821 631.854
321.691 448.426 473.395 600.13
-406.54 -890.233 -127.523 -611.215
-699.75 -418.198 -535.584 -254.033
-566.384 393.724 -247.219 712.889
257.87 -224.113 491.099 9.115
593.031 287.587 852.77 547.326
-669.98 396.099 -346.65 719.429
-323.857 109.455 -201.24 232.072
-568.625 -651.577 -244.864 -327.816
219.859 100.94 469.456 350.537
-627.821 -499.933 -582.021 -454.132
87.897 188.849 321.148 422.1
-886.612 -150.788 -666.392 69.432
663.449 279.963 782.585 399.099
109.557 322.212 423.453 636.109
85.588 -482.973 452.729 -115.831
-586.649 -78.034 -510.991 -2.376
-749.342 -335.78 -576.629 -163.068
-429.713 368.068 -275.308 522.473
-616.187 200.997 -303.622 513.562
-483.732 -908.944 -259.018 -684.23
214.244 194.702 523.053 503.511
-312.588 -207.177 -149.15 -43.739
-104.931 663.673 -63.77 704.833
392.19 365.262 477.13 450.202
-528.514 405.925 -261.425 673.014
571.667 663.633 742.877 834.843
-321.346 483.055 -212.934 591.467
-845.491 -340.281 -561.406 -56.196
-3.239 -391.991 252.636 -136.116
430.255 130.562 709.914 410.221
-242.699 -534.766 130.474 -161.592
-900.888 -75.359 -618.723 206.806
-117.817 -14.931 268.842 371.728
-210.103 -44.798 -68.916 96.389
303.784 422.914 592.87 712.0
-479.064 178.243 -373.004 284.304
525.075 321.863 785.278 582.065
-253.929 175.476 -68.645 360.76
-624.962 -876.177 -373.24 -624.455
-614.777 -775.578 -223.113 -383.915
573.966 356.414 916.157 698.605
-595.082 -295.565 -219.403 80.114
-138.918 -240.593 -12.172 -113.847
-615.082 57.507 -422.398 250.192
629.626 -354.503 852.089 -132.041
-381.037 -501.19 -63.537 -183.69
479.127 -254.574 808.689 74.989
-360.187 -683.624 -228.362 -551.799
-53.827 453.013 260.207 767.047
515.237 -285.586 803.819 2.996
273.329 -36.142 355.297 45.825
-587.526 604.972 -453.572 738.926
-736.947 -120.287 -337.9 278.76
-51.622 -602.708 186.247 -364.839
-645.56 386.262 -252.285 779.538
-186.383 -943.482 130.902 -626.197
-679.558 -529.336 -415.598 -265.376
-874.193 -817.465 -565.412 -508.684
-85.782 -245.154 164.699 5.328
-814.476 -450.597 -754.685 -390.806
159.159 -807.397 533.689 -432.867
533.594 -495.007 773.993 -254.608
-424.343 381.478 -236.57 569.251
-895.078 -301.781 -548.491 44.806
-185.077 -77.357 67.414 175.135
486.292 651.404 624.279 789.391
-642.969 -729.341 -272.354 -358.725
-191.697 366.74 -123.28 435.158
463.589 133.581 553.471 223.464
439.666 -93.634 497.347 -35.953
66.492 -119.04 427.801 242.269
-647.323 -710.823 -509.332 -572.833
-589.097 -246.053 -219.335 123.709
-759.637 -300.455 -545.388 -86.206
284.417 552.978 529.365 797.926
-885.713 -264.669 -617.155 3.889
-312.31 -635.357 -105.751 -428.798
-116.791 551.725 56.442 724.959
324.534 -14.829 674.91 335.547
-754.92 -465.873 -434.951 -145.904
-467.697 -487.659 -209.735 -229.697
573.751 412.82 897.847 736.916
-554.417 -626.66 -455.56 -527.803
612.095 -851.872 782.49 -681.477
59.373 -449.436 334.821 -173.988
193.45 465.279 392.719 664.548
103.564 -75.988 204.505 24.953
240.838 -318.525 439.615 -119.748
-455.373 -482.189 -77.869 -104.685
119.797 -303.465 233.818 -189.444
-14.53 -424.829 153.36 -256.939
-133.062 -335.608 173.933 -28.613
417.091 -207.034 750.054 125.929
289.929 186.074 381.329 277.474
-872.164 -816.306 -477.411 -421.554
-842.442 122.084 -706.19 258.337
-596.71 -736.572 -397.508 -537.371
-108.084 -4.348 215.916 319.652
689.798 239.518 767.791 317.511
431.54 315.417 658.905 542.782
-724.082 -198.353 -474.692 51.037
281.978 206.548 441.653 366.223
-71.728 248.645 95.366 415.739
-570.33 -513.352 -370.585 -313.607
70.456 240.782 407.649 577.976
-403.284 541.889 -338.947 606.226
-468.718 319.793 -109.657 678.853
218.841 -628.714 550.434 -297.122
445.567 330.667 740.062 625.162
-401.062 -725.072 -352.526 -676.537
-742.585 -92.157 -497.259 153.17
-531.665 -859.066 -338.905 -666.306
-175.932 -10.127 -1.364 164.441
262.789 64.571 472.178 273.959
-317.605 639.238 -23.151 933.692
-144.184 303.094 146.484 593.761
-695.09 338.779 -539.994 493.876
221.288 -443.654 617.873 -47.069
-377.132 -829.883 -268.785 -721.536
-857.47 246.615 -659.995 444.09
-679.798 -598.899 -526.732 -445.833
314.054 438.785 412.47 537.202
-145.23 -37.507 -26.304 81.419
-157.583 -351.742 159.301 -34.858
-784.482 736.278 -704.627 816.132
-613.299 341.843 -417.681 537.462
-502.175 -394.187 -272.092 -164.105
-405.42 330.825 -245.989 490.256
612.756 -426.604 973.341 -66.019
-101.027 248.643 254.466 604.137
-598.543 -235.217 -387.817 -24.49
124.081 -350.752 344.741 -130.092
466.239 171.282 739.786 444.829
132.902 470.593 506.286 843.977
-486.97 -829.72 -342.276 -685.026
-60.288 597.323 327.577 985.188
651.951 -669.732 931.572 -390.111
68.581 543.661 468.323 943.403
-516.955 -820.903 -270.547 -574.495
542.505 441.531 756.089 655.114
-733.878 277.501 -389.587 621.792
102.658 -722.95 211.149 -614.458
-238.08 268.649 94.83 601.559
98.241 -876.132 424.849 -549.524
-622.008 124.088 -356.617 389.479
-229.185 -614.315 -126.795 -511.926
354.22 -374.621 701.115 -27.726
-471.833 682.728 -397.082 757.48
-653.862 -492.898 -287.412 -126.448
56.925 18.651 413.074 374.799
598.29 -242.509 894.133 53.333
-20.36 36.088 277.771 334.22
125.289 442.294 507.026 824.031
128.468 463.752 423.279 758.563
242.615 -588.476 349.848 -481.243
289.314 -158.936 330.18 -118.07
-177.639 -322.487 -5.206 -150.053
-250.614 -407.771 134.102 -23.055
-632.155 -874.465 -430.401 -672.711
45.123 -475.389 131.092 -389.42
-238.688 -793.254 -109.832 -664.397
-354.952 -209.435 -92.455 53.062
-226.584 -816.767 -95.106 -685.289
-287.511 -405.673 -60.442 -178.604
-845.6 394.016 -459.194 780.422
-646.875 -619.122 -589.451 -561.698
9.473 412.851 286.4 689.778
512.855 -597.753 610.445 -500.163
-907.31 -147.445 -543.528 216.336
661.276 513.63 900.163 752.518
8.636 215.285 295.001 501.65
469.592 12.142 776.546 319.096
451.295 -433.909 568.802 -316.402
-195.794 133.751 -78.975 250.57
148.898 -766.96 300.793 -615.065
543.753 -97.603 696.337 54.98
-808.977 -627.799 -562.732 -381.554
-899.381 -282.233 -508.047 109.101
-824.388 -397.517 -612.964 -186.093
-148.002 -120.395 -60.312 -32.705
-735.699 -264.218 -368.286 103.195
296.308 306.267 633.807 643.766
-774.705 663.994 -630.711 807.988
659.588 460.107 716.158 516.677
314.344 135.061 481.924 302.641
449.179 225.612 559.1 335.533
-265.563 -121.387 -136.11 8.067
-627.453 -469.688 -513.95 -356.185
-784.686 171.923 -456.981 499.627
-79.344 -279.365 43.821 -156.201
-611.527 -817.705 -265.865 -472.043
-95.711 -106.72 134.731 123.722
309.032 20.384 445.107 156.459
-555.181 -436.966 -427.316 -309.102
239.273 -533.7 493.442 -279.532
18.411 426.079 258.184 665.852
301.018 -182.845 443.383 -40.481
-39.534 173.471 36.001 249.006
-779.708 -412.602 -582.344 -215.237
380.064 -785.424 526.475 -639.013
-556.184 -516.474 -261.265 -221.556
106.703 182.043 215.395 290.735
-976.529 -638.624 -576.788 -238.883
-789.427 528.01 -538.896 778.541
538.082 352.936 832.417 647.271
463.825 482.66 647.003 665.839
95.992 -395.103 357.154 -133.94
585.897 211.725 627.966 253.794
-208.056 -641.438 -43.665 -477.047
357.665 578.801 414.532 635.668
-131.034 -518.792 37.52 -350.238
224.153 -845.099 329.665 -739.587
-148.224 261.661 -18.564 391.321
-634.851 132.894 -527.669 240.077
-253.085 -396.394 -160.913 -304.222
-207.389 -37.391 95.329 265.327
-909.421 323.572 -640.326 592.666
526.707 -872.567 754.261 -645.012
-876.047 -884.389 -546.391 -554.733
380.817 -682.856 670.15 -393.522
65.014 286.273 106.0 327.259
-282.986 688.757 -68.391 903.352
-618.504 8.306 -270.33 356.48
-462.47 493.141 -220.593 735.018
-916.214 -829.824 -622.779 -536.388
270.25 369.572 355.349 454.67
-80.443 -820.238 76.925 -662.87
416.312 -550.556 528.821 -438.047
411.112 -595.398 455.982 -550.528
379.024 -638.269 478.407 -538.887
-720.481 -32.605 -636.748 51.129
-270.726 -444.583 -85.046 -258.903
110.387 413.529 316.416 619.558
-538.542 -987.539 -152.409 -601.406
11.249 -422.603 252.259 -181.593
-102.403 -178.303 177.367 101.467
558.63 -305.744 818.479 -45.895
-183.93 -735.61 116.251 -435.43
278.572 437.176 413.346 571.949
-352.76 544.311 -278.806 618.266
-106.292 -90.873 17.223 32.642
497.164 422.082 877.351 802.269
-421.854 -522.994 -316.921 -418.061
566.893 -853.569 805.807 -614.655
-612.634 -771.803 -317.015 -476.184
-699.891 -105.493 -545.407 48.991
478.763 -266.091 870.767 125.913
187.278 16.035 232.627 61.384
-428.603 -589.019 -213.392 -373.809
446.247 -700.277 786.483 -360.041
28.292 -220.757 243.823 -5.226
171.076 -352.0 398.9 -124.175
709.484 -223.075 831.27 -101.289
-706.197 -760.322 -457.51 -511.635
761.948 565.065 821.416 624.533
-340.519 -820.17 -43.507 -523.158
-46.177 -905.522 197.733 -661.613
-857.544 395.646 -459.083 794.106
-792.423 573.403 -640.52 725.307
605.411 31.9 859.094 285.583
-791.249 -459.387 -737.744 -405.883
300.42 126.069 508.98 334.629
-188.087 -885.406 -2.35 -699.668
98.629 -13.662 149.6 37.309
-878.424 -220.559 -585.385 72.481
-183.038 -568.267 82.405 -302.824
-702.085 -638.848 -422.09 -358.852
-32.708 -467.029 252.174 -182.147
-152.948 -681.1 -107.744 -635.896
27.217 -735.33 392.319 -370.228
-516.481 388.903 -271.839 633.545
423.006 -401.732 523.268 -301.469
334.493 -399.495 673.012 -60.975
-193.667 253.435 148.974 596.075
558.171 47.238 670.316 159.383
-110.5 362.537 -50.5 422.538
699.486 -554.022 891.62 -361.888
277.599 53.39 626.892 402.683
553.408 453.489 729.169 629.25
-739.494 207.783 -434.45 512.827
396.323 670.821 557.347 831.845
-879.842 -296.505 -713.493 -130.155
-363.612 66.081 -210.432 219.261
-447.745 543.882 -320.946 670.681
-78.408 -432.001 83.979 -269.615
-292.099 -286.29 73.926 79.735
-602.174 442.559 -305.487 739.246
117.899 -580.641 504.927 -193.613
96.858 386.603 180.9 470.645
-600.224 -286.801 -246.692 66.732
-300.802 -408.843 -209.499 -317.54
611.564 -655.589 688.274 -578.879
-590.381 -825.96 -242.312 -477.89
-482.934 -405.617 -177.514 -100.196
-66.891 601.917 259.569 928.376
-148.09 497.434 158.767 804.291
-566.827 149.612 -459.567 256.872
-610.911 -796.624 -546.896 -732.609
-363.087 541.523 -176.221 728.389
153.208 -37.767 294.612 103.638
-149.675 -189.741 -50.946 -91.012
-234.021 359.981 66.944 660.946
-399.395 -99.597 -272.793 27.005
-793.731 -266.638 -693.982 -166.888
701.663 62.58 850.189 211.106
-441.761 550.631 -283.321 709.072
579.907 -734.276 638.863 -675.32
676.906 -519.783 832.705 -363.984
379.343 459.565 553.493 633.714
295.411 -979.757 684.927 -590.241
-683.999 -63.691 -305.03 315.278
-463.249 -774.642 -77.424 -388.817
422.109 -616.109 652.662 -385.556
-442.327 -383.369 -202.384 -143.426
-539.696 -149.825 -402.563 -12.692
-690.801 -618.295 -533.134 -460.628
-803.869 301.328 -685.248 419.95
-745.832 -591.453 -582.401 -428.022
-188.938 -344.254 177.098 21.782
-720.847 146.346 -395.485 471.708
351.993 -150.714 654.188 151.481
292.003 501.406 634.507 843.909
-485.172 -147.573 -210.063 127.535
507.335 520.1 685.499 698.264
-121.786 611.676 195.045 928.507
516.609 284.801 807.509 575.701
623.78 -363.594 689.001 -298.372
-309.543 -842.263 -221.435 -754.155
-392.696 206.276 -329.377 269.595
-705.483 -309.846 -433.076 -37.439
-205.655 183.17 -43.766 345.059
678.495 -524.794 722.619 -480.67
136.362 -417.031 302.613 -250.78
-267.722 431.125 -136.645 562.202
-154.486 -204.246 -102.207 -151.968
344.443 360.184 738.367 754.108
186.11 -677.652 416.39 -447.371
619.404 -239.32 932.706 73.982
386.213 -451.964 431.209 -406.968
309.11 -249.952 355.617 -203.445
-404.074 -777.55 -132.206 -505.682
-233.049 233.532 122.007 588.589
-435.158 -366.669 -377.947 -309.458
-207.445 -334.24 18.208 -108.588
55.346 607.663 338.76 891.077
-260.643 -70.798 -173.688 16.156
661.382 -581.067 911.575 -330.874
-741.418 -631.528 -348.515 -238.624
26.663 400.458 161.368 535.163
614.999 506.307 922.623 813.931
-341.733 -226.899 53.515 168.349
-613.973 -561.359 -491.187 -438.572
127.494 -87.483 502.607 287.63
204.127 -156.329 300.315 -60.14
-38.337 99.829 196.892 335.059
-180.999 -191.937 158.964 148.025
-297.111 -58.459 -1.394 237.258
311.233 -612.11 631.963 -291.38
-614.54 535.054 -487.901 661.693
97.704 -71.551 420.527 251.272
-67.976 121.758 178.455 368.189
-436.266 -789.393 -199.516 -552.643
-229.327 198.657 -150.214 277.77
-178.496 374.507 -36.375 516.628
407.602 297.779 527.232 417.409
-87.028 -557.646 -43.204 -513.822
624.909 548.137 676.588 599.817
283.794 -672.238 465.183 -490.848
-223.701 -113.243 112.281 222.739
-152.056 226.719 -46.704 332.072
-39.274 201.367 277.973 518.614
196.129 89.983 574.306 468.159
477.553 734.021 532.14 788.609
739.909 -391.378 847.888 -283.399
-609.382 -834.687 -446.412 -671.718
310.784 -194.798 690.058 184.475
585.592 202.635 709.632 326.674
-562.178 391.927 -506.4 447.705
583.309 218.244 774.85 409.785
-330.013 184.674 -96.823 417.864
40.146 -119.7 196.069 36.223
-87.2 -133.091 -35.763 -81.653
110.42 -158.315 406.185 137.45
-854.731 90.045 -537.083 407.693
-634.057 90.75 -242.999 481.808
338.824 152.121 456.564 269.861
614.46 -769.382 769.671 -614.172
315.859 -467.704 590.92 -192.643
-47.569 -134.395 201.037 114.211
-553.578 633.314 -497.874 689.018
-170.738 -93.751 33.439 110.426
-572.988 -384.205 -498.334 -309.551
404.003 290.274 762.087 648.358
-855.303 -797.362 -518.309 -460.367
8.04 -630.653 253.185 -385.509
-344.009 -91.364 -107.648 144.997
-462.731 -768.568 -210.456 -516.293
-601.357 -190.345 -415.621 -4.609
-193.627 80.471 -98.338 175.761
47.095 -29.775 142.323 65.452
-588.648 -782.511 -214.859 -408.722
576.362 -473.304 715.165 -334.501
-237.708 -923.851 112.849 -573.294
112.572 -99.62 158.074 -54.119
-564.199 453.523 -432.473 585.25
-381.479 208.886 -306.484 283.881
-135.74 36.895 131.331 303.965
22.384 418.427 71.897 467.941
555.817 -79.058 609.775 -25.1
-265.71 -835.556 122.762 -447.084
-355.898 -651.911 -114.021 -410.034
-719.567 -158.143 -384.557 176.866
592.431 142.941 762.582 313.091
-528.245 545.612 -449.486 624.371
659.932 287.745 758.549 386.361
-903.24 -717.108 -601.739 -415.606
-67.664 686.229 36.658 790.552
-858.3 -354.909 -726.606 -223.215
-275.426 -764.287 -52.374 -541.236
163.211 -429.708 533.808 -59.111
-758.991 129.322 -504.543 383.771
86.399 -308.866 379.073 -16.192
455.859 -955.341 846.515 -564.685
-916.613 -29.287 -576.916 310.409
2.381 584.578 395.454 977.651
-848.959 -257.454 -470.719 120.786
-779.934 -392.652 -432.637 -45.356
545.068 128.834 653.686 237.452
199.597 -125.831 332.181 6.753
-763.376 103.43 -674.252 192.553
-160.608 -170.788 -73.777 -83.957
-453.08 -606.981 -249.249 -403.15
607.395 410.021 898.01 700.637
-223.883 -542.73 81.271 -237.576
-146.094 -832.568 64.234 -622.24
-37.477 -267.541 203.891 -26.174
273.25 -325.237 427.78 -170.707
458.089 99.506 793.283 434.7
-757.06 -661.241 -647.38 -551.56
232.379 -59.379 585.434 293.676
-705.47 113.529 -340.497 478.502
16.191 568.991 281.781 834.581
-528.609 418.909 -250.338 697.18
122.582 -726.807 186.513 -662.876
-55.086 190.476 338.008 583.569
-367.425 673.576 -313.789 727.212
328.058 -737.214 564.453 -500.819
-128.79 -237.412 46.095 -62.526
-278.889 -857.452 -18.131 -596.694
-702.389 -846.078 -516.388 -660.077
-837.137 -258.354 -523.711 55.073
-108.144 141.074 134.33 383.548
-759.57 -604.463 -692.161 -537.054
624.585 -609.913 914.932 -319.566
641.831 -93.917 814.981 79.233
99.557 -158.826 496.186 237.803
-752.919 700.128 -605.664 847.383
-844.376 108.928 -472.924 480.38
-697.897 249.129 -326.367 620.659
103.568 -4.325 267.319 159.426
-162.889 237.166 11.926 411.981
-329.418 -153.476 -288.548 -112.605
-550.692 217.285 -221.917 546.06
309.708 448.94 558.861 698.092
-48.568 -645.422 198.663 -398.192
168.584 561.122 537.74 930.278
-685.515 -518.257 -549.145 -381.888
-31.403 617.381 101.723 750.507
469.577 307.336 625.719 463.479
-491.736 168.693 -102.798 557.63
154.589 370.573 494.171 710.154
-336.971 -155.605 -120.935 60.431
81.55 213.076 148.097 279.624
358.325 -426.979 748.409 -36.895
-324.85 385.949 -182.852 527.946
-318.816 656.679 -172.987 802.509
-36.548 -339.239 180.461 -122.23
-82.915 -497.679 210.459 -204.306
549.469 -18.171 899.697 332.056
582.338 -863.497 783.789 -662.046
-692.449 -273.418 -459.76 -40.73
-496.455 682.937 -338.613 840.779
671.669 362.876 772.922 464.13
242.068 -63.026 571.413 266.32
422.311 145.305 712.256 435.251
-299.223 -591.835 -110.346 -402.958
-282.303 -137.422 -207.604 -62.723
558.25 -743.946 859.485 -442.711
-301.619 -814.487 -216.615 -729.482
464.375 -473.406 674.599 -263.181
-572.03 -830.538 -395.001 -653.509
-494.831 514.773 -210.123 799.481
263.8 489.318 433.454 658.972
273.964 -326.159 553.563 -46.561
26.607 -167.476 80.902 -113.18
-515.821 83.114 -240.466 358.469
372.903 -258.837 703.094 71.355
-575.81 -113.07 -378.565 84.174
-73.608 -327.598 220.273 -33.717
-102.081 -332.099 85.595 -144.423
128.605 -528.678 258.211 -399.072
444.562 600.033 552.791 708.263
-700.144 -396.252 -398.205 -94.313
-657.975 -525.088 -265.065 -132.178
-666.111 -336.948 -489.554 -160.392
-315.133 -743.185 -14.134 -442.187
-106.341 -720.86 -0.666 -615.185
-895.503 -450.284 -640.394 -195.175
222.481 -80.175 475.592 172.936
-21.575 346.972 128.255 496.803
-296.222 50.817 -58.524 288.514
585.855 96.958 858.864 369.967
-234.571 -750.366 -144.674 -660.47
227.609 45.906 379.674 197.972
733.657 -423.741 848.86 -308.538
272.323 459.247 655.288 842.212
52.509 -624.049 136.324 -540.233
265.513 309.76 318.723 362.97
-893.977 595.429 -543.399 946.007
247.235 -266.435 511.453 -2.217
464.154 -184.817 524.548 -124.423
569.768 35.266 642.58 108.079
535.129 10.408 770.268 245.547
78.872 -113.138 326.379 134.37
-814.374 253.179 -516.661 550.892
134.565 -368.547 344.6 -158.512
-379.271 166.263 -310.746 234.788
-411.028 -266.446 -191.961 -47.379
-477.284 -621.754 -326.522 -470.992
367.519 -777.421 725.751 -419.188
421.268 620.826 505.75 705.309
605.833 -271.515 869.688 -7.659
-773.52 10.15 -594.63 189.04
329.688 -240.393 425.628 -144.453
-607.122 -61.242 -420.634 125.246
-680.286 3.523 -465.257 218.552
113.376 -362.69 289.037 -187.029
464.256 158.999 850.573 545.315
630.895 -851.487 782.67 -699.711
568.044 -877.762 830.047 -615.759
144.134 -251.853 294.608 -101.38
-286.506 -451.882 -157.734 -323.11
349.252 521.27 608.21 780.228
278.042 -386.625 332.805 -331.862
-167.075 -459.517 -28.16 -320.602
-293.734 -285.214 -103.152 -94.632
-972.4 -550.711 -586.517 -164.828
417.561 412.157 513.857 508.453
-859.659 -269.272 -644.634 -54.247
-168.941 -584.646 10.945 -404.76
-302.93 -700.973 -130.218 -528.261
201.538 -943.703 566.309 -578.933
-852.324 178.115 -741.592 288.848
-850.777 24.98 -646.822 228.935
-483.877 -940.214 -148.736 -605.073
-553.097 346.568 -390.083 509.582
-116.419 225.968 -11.828 330.559
-289.412 -89.791 -177.97 21.651
338.554 -347.017 525.484 -160.088
14.614 195.947 136.151 317.483
196.158 666.831 243.641 714.314
-340.769 187.832 -110.228 418.373
-463.172 -79.098 -167.425 216.649
445.015 -278.085 823.887 100.787
-273.027 -289.313 70.243 53.957
225.324 211.776 507.205 493.657
472.272 481.876 837.498 847.103
-773.615 -216.991 -568.699 -12.075
45.06 446.119 358.013 759.073
-118.977 -897.803 94.952 -683.875
358.086 252.869 687.768 582.551
512.239 -235.118 745.145 -2.212
-623.024 100.866 -578.001 145.889
29.642 -274.022 72.045 -231.619
-953.602 -47.857 -613.705 292.039
-290.324 316.552 -189.474 417.403
-53.178 -30.666 233.92 256.432
558.597 -780.84 735.847 -603.59
102.531 261.229 336.622 495.32
289.063 -883.923 681.149 -491.837
700.213 121.574 898.579 319.941
-555.766 -569.114 -425.168 -438.516
291.294 662.89 507.378 878.974
-346.024 -921.877 -21.79 -597.644
-580.006 -73.606 -373.85 132.55
537.181 -4.765 811.193 269.247
389.708 632.983 672.853 916.129
115.337 -674.339 160.273 -629.403
-556.283 -831.571 -315.896 -591.184
-479.333 476.177 -178.261 777.249
536.821 164.604 889.638 517.421
-612.733 -608.596 -559.317 -555.18
295.822 -100.234 424.322 28.266
-239.236 183.702 -181.189 241.749
641.373 -347.629 906.368 -82.633
-360.891 -689.783 -142.326 -471.219
-85.621 -494.772 20.103 -389.048
91.096 -12.124 292.13 188.911
410.753 628.273 744.223 961.742
-121.141 -628.545 -13.729 -521.133
-15.192 -210.728 365.751 170.215
-24.966 -921.125 339.68 -556.48
-348.502 444.559 -215.383 577.678
3.602 130.917 120.982 248.297
-868.092 -763.21 -575.775 -470.893
17.559 -398.893 101.266 -315.186
577.587 3.369 939.137 364.919
-317.414 -57.193 -273.985 -13.764
450.968 -164.639 758.995 143.388
-843.928 575.35 -658.839 760.439
-662.339 -880.714 -435.916 -654.291
-913.897 -59.049 -677.414 177.434
-758.45 488.426 -400.306 846.57
63.442 -803.459 171.831 -695.069
533.627 707.728 576.865 750.966
-823.374 -149.689 -698.976 -25.291
756.781 -512.687 828.698 -440.77
71.265 628.623 210.139 767.497
40.328 565.65 198.696 724.018
140.002 58.911 230.25 149.159
-558.707 -270.684 -397.395 -109.372
-921.674 285.148 -532.675 674.147
-325.456 -379.926 23.121 -31.349
-447.253 553.412 -296.124 704.541
-919.181 460.25 -624.201 755.23
-811.356 -721.684 -430.209 -340.538
-238.605 -506.212 143.498 -124.109
454.226 303.321 701.093 550.188
-154.937 -374.469 41.403 -178.129
606.898 -712.391 733.141 -586.147
-1.728 -440.706 330.834 -108.145
-130.94 -592.993 47.315 -414.738
-844.696 -108.379 -616.765 119.552
-655.244 226.411 -301.995 579.659
-26.978 -322.181 46.229 -248.974
-519.887 -541.98 -356.928 -379.021
378.491 305.442 596.747 523.698
349.101 506.346 414.971 572.217
144.603 -164.133 483.835 175.099
479.094 -522.564 706.487 -295.17
388.484 549.091 563.594 724.201
189.333 -335.118 297.62 -226.831
-258.467 -874.272 96.023 -519.781
543.411 -792.089 910.152 -425.348
282.404 -843.973 482.86 -643.517
192.12 -76.498 552.81 284.192
135.379 -314.216 470.664 21.069
-923.242 -425.672 -541.86 -44.29
-186.303 -557.794 82.351 -289.141
-329.07 -656.139 -104.697 -431.766
-527.172 320.463 -352.936 494.7
241.106 337.665 395.045 491.604
-901.514 568.118 -577.477 892.155
436.437 190.345 578.381 332.289
-268.089 -196.283 4.099 75.905
-3.36 -734.085 39.348 -691.378
-590.308 -639.079 -448.383 -497.153
338.501 -790.462 617.819 -511.143
-657.173 -777.774 -432.864 -553.465
-824.288 532.949 -575.339 781.898
432.844 377.718 719.856 664.73
226.208 -235.825 562.879 100.846
543.274 590.352 618.8 665.878
77.381 -562.682 186.165 -453.898
-431.381 71.893 -87.081 416.194
323.945 -208.775 380.944 -151.776
85.505 17.186 245.031 176.712
-70.747 -275.187 82.448 -121.991
-79.307 300.776 -2.936 377.147
288.365 481.782 525.198 718.615
-154.643 318.433 -90.452 382.624
495.847 -953.389 887.248 -561.988
182.544 83.866 264.834 166.156
749.068 -337.621 840.885 -245.803
-862.995 593.597 -716.77 739.821
303.93 -481.156 372.201 -412.886
-408.571 659.188 -187.763 879.997
-57.73 657.274 13.476 728.479
-650.741 398.555 -563.748 485.548
-653.845 88.357 -533.749 208.453
761.167 -681.751 838.341 -604.578
-92.594 -701.181 140.358 -468.229
510.878 -175.026 812.095 126.191
-831.208 638.251 -704.776 764.682
57.97 652.137 346.017 940.184
529.208 265.222 744.594 480.608
447.295 54.971 597.978 205.654
547.835 -423.69 786.49 -185.034
496.981 -539.552 592.606 -443.928
-564.298 6.856 -335.408 235.746
-237.585 -629.299 -153.078 -544.792
276.445 -337.581 528.451 -85.576
462.84 137.707 522.657 197.523
-97.017 611.632 61.374 770.023
358.715 587.165 673.801 902.251
387.023 -494.945 586.649 -295.319
281.517 -155.384 546.175 109.274
-817.07 -826.401 -637.819 -647.151
-790.364 -573.887 -706.659 -490.182
164.277 -85.13 219.222 -30.185
561.015 301.078 699.589 439.652
255.922 -523.317 308.991 -470.248
-693.043 541.397 -545.785 688.655
-468.896 -130.134 -112.766 225.996
-536.286 94.438 -313.124 317.6
-761.858 519.182 -496.909 784.13
558.027 -694.545 881.498 -371.073
-211.394 626.266 -83.184 754.476
-4.98 302.712 265.698 573.391
389.509 391.835 547.557 549.883
100.961 -508.7 420.729 -188.932
628.623 -829.201 822.2 -635.624
-549.402 172.594 -464.469 257.528
616.603 -639.726 977.176 -279.153
-270.959 -50.326 11.43 232.063
-871.185 256.253 -605.777 521.661
459.165 415.142 790.124 746.101
-514.101 -18.786 -159.79 335.524
68.565 -379.223 135.387 -312.401
-916.129 -198.757 -519.451 197.921
-422.845 -895.151 -149.133 -621.439
7.878 -590.8 132.757 -465.921
-112.984 -460.617 171.958 -175.675
-583.162 -407.481 -397.585 -221.903
-290.24 -312.835 45.265 22.67
-819.242 85.566 -619.583 285.225
413.666 -342.968 608.583 -148.051
490.504 -322.047 668.82 -143.731
-88.526 89.718 255.217 433.461
45.564 -581.801 375.723 -251.642
42.089 -19.493 276.864 215.282
-787.798 -692.697 -711.35 -616.249
411.096 -327.308 581.641 -156.763
-689.448 -443.871 -351.036 -105.459
-256.675 -825.029 115.64 -452.713
195.229 -464.433 380.392 -279.27
599.724 215.603 863.58 479.459
-8.544 -883.848 367.669 -507.635
-504.676 -29.164 -268.178 207.335
53.248 -42.543 146.75 50.959
429.8 -636.997 658.433 -408.364
291.146 -277.39 353.757 -214.778
-593.434 -757.803 -495.415 -659.784
-722.993 -489.371 -539.333 -305.711
-597.295 65.396 -377.875 284.815
-21.473 575.287 198.57 795.329
523.769 621.678 824.394 922.303
-532.855 -218.581 -289.502 24.773
-31.827 116.563 222.954 371.345
-481.521 -245.133 -309.45 -73.062
-86.917 366.383 174.566 627.866
-609.902 -370.978 -229.489 9.435
151.465 161.699 217.434 227.669
-50.066 -655.129 280.644 -324.418
629.22 458.286 894.674 723.74
502.865 126.85 588.81 212.795
326.171 485.476 452.654 611.959
61.389 -576.347 133.454 -504.282
427.733 10.611 777.259 360.136
-207.504 683.095 -34.05 856.549
149.232 -593.724 352.02 -390.937
368.253 92.596 605.728 330.071
266.936 274.346 537.54 544.951
-820.693 311.877 -531.273 601.298
-904.87 -583.415 -647.943 -326.487
-708.346 -807.892 -373.976 -473.522
-708.538 -542.94 -548.807 -383.209
-525.035 -306.588 -468.281 -249.833
-165.276 53.11 112.388 330.773
172.795 656.99 395.348 879.543
475.872 191.204 800.947 516.279
-575.058 211.015 -262.217 523.857
650.167 73.798 751.895 175.526
-206.002 -475.84 55.659 -214.18
7.351 -804.132 76.352 -735.131
-434.032 242.771 -280.107 396.697
356.424 -655.503 602.192 -409.735
-853.779 -777.691 -678.918 -602.83
344.615 -35.631 597.572 217.326
-355.936 -285.414 -57.444 13.078
82.009 -703.568 417.278 -368.299
78.535 -537.439 364.95 -251.023
-518.84 -430.156 -130.974 -42.29
280.352 -282.404 386.459 -176.297
341.619 -428.016 684.489 -85.147
606.763 -617.637 874.869 -349.532
-801.556 -612.996 -556.958 -368.397
-791.017 -807.806 -569.784 -586.574
-825.766 -724.471 -752.515 -651.22
-739.014 -300.753 -429.151 9.11
-6.205 -652.586 120.154 -526.227
505.55 312.434 659.829 466.713
-860.492 590.193 -522.627 928.058
-684.815 329.334 -617.635 396.513
600.426 -184.594 876.887 91.867
-502.549 -325.492 -276.309 -99.252
-159.967 621.053 154.574 935.595
451.35 -626.321 849.389 -228.282
-465.055 -398.524 -240.156 -173.626
-621.62 245.866 -417.601 449.885
-110.001 -335.692 35.838 -189.852
259.662 -6.498 548.194 282.034
-169.958 171.325 -100.739 240.544
130.473 -707.098 306.65 -530.921
-934.633 -840.456 -623.615 -529.438
431.224 55.902 742.095 366.773
-31.162 467.842 14.906 513.91
592.788 -662.619 637.805 -617.603
-855.405 -714.843 -562.174 -421.612
-808.654 -681.522 -506.832 -379.7
-468.263 -617.375 -223.358 -372.471
-46.211 -52.891 220.492 213.812
-0.43 -810.181 149.221 -660.53
422.801 -552.349 798.193 -176.957
-856.602 -387.67 -532.562 -63.629
-403.576 -401.113 -41.028 -38.565
125.955 -445.409 415.358 -156.007
113.494 -655.779 392.02 -377.254
188.805 -223.149 271.005 -140.949
-676.622 -777.477 -479.089 -579.944
-584.284 295.362 -484.485 395.162
-483.049 -413.996 -428.534 -359.481
3.708 499.929 79.507 575.728
60.36 -303.99 183.617 -180.732
642.18 -294.441 726.844 -209.776
156.819 -769.578 499.019 -427.378
-930.404 -354.219 -552.969 23.216
421.164 -66.658 625.416 137.594
558.474 143.403 639.318 224.247
-635.397 498.081 -574.507 558.971
-225.042 267.09 -164.747 327.384
-508.522 411.704 -120.312 799.914
-828.964 -708.874 -488.82 -368.73
416.722 -675.948 601.158 -491.512
501.686 -214.9 608.014 -108.572
-181.579 -424.578 171.211 -71.788
-157.709 289.47 -67.032 380.147
213.677 -593.212 516.684 -290.205
224.06 428.291 561.66 765.891
-669.324 658.491 -459.884 867.93
-586.192 346.272 -233.896 698.568
573.723 -482.843 891.064 -165.501
-504.764 -847.209 -210.431 -552.876
-522.405 -174.058 -236.753 111.595
-669.334 730.721 -570.014 830.042
-284.502 450.59 92.031 827.123
-757.081 389.779 -591.356 555.504
153.974 -441.449 260.727 -334.696
87.334 524.582 324.336 761.584
-348.378 -266.427 -20.656 61.295
-551.18 -167.945 -221.213 162.022
184.377 -22.29 571.648 364.98
261.28 -718.35 427.506 -552.124
151.113 164.886 535.09 548.863
98.831 -75.681 272.675 98.163
-841.55 259.96 -522.375 579.135
-930.975 -182.203 -536.772 211.999
379.031 457.168 446.816 524.953
572.292 -149.242 728.528 6.994
-203.649 -280.175 113.686 37.16
-430.457 45.935 -359.808 116.584
-114.179 -545.451 84.572 -346.701
443.751 -19.993 816.285 352.541
-638.764 -192.648 -254.232 191.884
153.261 412.241 424.452 683.432
-126.509 -732.093 163.228 -442.356
-300.089 276.642 -174.34 402.391
503.933 -258.704 605.536 -157.101
223.742 362.124 560.549 698.931
-216.899 -14.663 54.133 256.369
148.494 -767.077 423.62 -491.952
-439.047 -170.612 -372.242 -103.807
551.826 -593.6 599.293 -546.133
225.102 -397.788 508.758 -114.132
-818.246 -397.287 -653.113 -232.154
-565.298 613.459 -387.003 791.754
718.524 406.442 849.445 537.363
-299.862 -212.397 -33.46 54.006
-847.475 -797.992 -571.528 -522.045
-88.784 -196.81 269.971 161.944
-376.145 -133.39 -45.921 196.833
630.161 641.565 839.565 850.969
218.076 -483.569 342.206 -359.439
329.954 -265.273 672.544 77.317
708.552 395.697 779.432 466.576
319.019 -45.492 479.593 115.082
455.489 -345.368 790.069 -10.788
-566.129 -175.436 -228.514 162.178
606.633 77.561 971.484 442.412
12.443 -240.196 176.705 -75.934
-375.799 769.573 -325.455 819.916
481.082 513.516 831.809 864.243
494.983 595.768 759.877 860.662
-286.067 258.903 17.775 562.745
-537.425 622.235 -245.43 914.23
232.414 -610.959 447.98 -395.393
495.625 -238.386 649.185 -84.826
-108.26 532.173 -65.29 575.143
348.559 -196.548 733.656 188.549
166.923 -944.733 562.043 -549.613
708.682 -260.944 867.77 -101.857
184.8 400.385 262.413 477.998
-306.552 -813.358 -76.538 -583.345
-654.919 420.939 -307.508 768.351
-730.392 -417.836 -570.612 -258.056
-741.248 44.112 -683.428 101.932
-616.252 562.453 -559.794 618.911
-730.727 255.944 -518.868 467.803
146.368 -550.513 289.768 -407.114
-604.951 -457.367 -282.74 -135.157
661.556 -140.354 856.423 54.514
697.674 -210.735 778.769 -129.64
-18.316 -434.713 174.465 -241.931
-254.086 -649.681 4.805 -390.79
-512.248 -112.986 -329.026 70.236
-350.45 -352.89 -97.312 -99.751
361.554 -850.701 701.995 -510.26
89.913 -55.444 238.266 92.909
304.408 -800.473 702.306 -402.574
-503.82 48.643 -327.27 225.193
40.846 -401.615 237.036 -205.425
588.505 307.344 844.407 563.246
467.283 215.373 565.621 313.711
-383.395 187.538 -283.614 287.319
538.073 -801.241 581.514 -757.8
-819.787 315.175 -490.79 644.172
-615.042 -437.597 -266.032 -88.588
-354.299 -689.178 -215.377 -550.256
-234.197 -751.218 -76.575 -593.595
-492.228 21.304 -123.18 390.352
-908.589 607.507 -616.379 899.717
-744.452 -244.047 -478.127 22.279
-857.362 -392.083 -522.433 -57.153
-861.292 -671.346 -596.661 -406.715
-955.174 -915.346 -630.927 -591.099
-114.027 315.209 20.582 449.819
-295.562 602.712 78.199 976.472
-267.878 -663.018 85.491 -309.649
-256.373 6.511 -132.112 130.771
-326.172 -592.754 -208.05 -474.632
155.653 -365.099 454.281 -66.471
43.307 -634.378 188.543 -489.142
128.086 -206.589 446.006 111.331
-611.533 -749.467 -383.525 -521.459
-531.678 -930.716 -190.761 -589.799
615.272 568.581 830.024 783.333
-794.252 -822.618 -600.125 -628.491
-347.091 -804.786 50.605 -407.091
486.623 540.946 837.997 892.32
-518.912 569.474 -176.732 911.654
-940.67 -51.439 -619.443 269.787
585.255 -170.387 841.485 85.843
-646.901 104.068 -303.175 447.794
389.821 -588.873 618.581 -360.112
-880.437 -310.288 -718.499 -148.35
-879.26 -113.731 -526.9 238.63
-796.897 -610.561 -651.897 -465.561
238.636 -240.409 324.553 -154.492
127.706 -61.534 433.257 244.016
-607.489 -221.663 -321.99 63.836
83.88 696.073 178.473 790.666
75.302 104.893 396.969 426.56
-229.298 660.786 32.832 922.916
421.5 277.936 622.492 478.928
562.531 -885.874 747.677 -700.727
320.166 617.74 623.51 921.084
413.823 -780.779 755.476 -439.127
43.804 246.426 376.027 578.648
-415.822 765.387 -351.936 829.273
-389.633 -800.572 -287.325 -698.265
-891.688 144.552 -514.43 521.811
295.859 456.833 507.763 668.737
50.163 -385.577 155.485 -280.255
-606.094 291.171 -387.248 510.017
-795.799 -728.176 -529.58 -461.958
-616.368 451.22 -264.884 802.705
-842.661 627.6 -734.663 735.598
2.341 -889.267 371.159 -520.449
-392.959 -372.031 -73.471 -52.543
-296.229 -799.486 -135.349 -638.605
479.882 -716.23 676.958 -519.154
-232.673 -450.815 -27.762 -245.904
-817.475 -833.835 -641.155 -657.515
387.807 -432.293 668.788 -151.312
113.251 -709.447 460.311 -362.388
-517.331 -620.621 -259.371 -362.662
-638.934 -840.299 -530.59 -731.955
-495.103 541.281 -158.93 877.454
-483.168 316.263 -179.192 620.239
417.235 -282.181 465.046 -234.369
-18.629 -235.92 349.201 131.91
-392.676 -32.296 -91.393 268.986
108.211 -733.034 271.67 -569.575
71.723 -457.806 408.323 -121.207
155.918 222.424 242.321 308.827
-455.823 118.622 -106.439 468.006
-9.537 -23.268 384.75 371.019
-823.259 -740.377 -525.308 -442.425
193.375 -567.367 541.526 -219.216
-777.102 -592.902 -598.921 -414.72
-735.41 -724.559 -680.193 -669.342
-180.067 -734.674 143.263 -411.345
-519.406 -887.399 -279.213 -647.206
-67.978 644.973 117.006 829.957
-349.673 404.31 -282.571 471.412
149.156 -669.491 304.838 -513.809
-817.106 -823.522 -638.277 -644.693
-322.096 -667.359 14.456 -330.807
133.819 -848.058 512.382 -469.494
-601.444 -408.701 -311.267 -118.524
-836.4 -500.724 -714.534 -378.858
-54.446 -353.17 298.2 -0.523
605.649 -552.036 852.937 -304.748
129.611 -980.872 505.602 -604.881
-752.457 -508.527 -532.335 -288.405
-739.165 -823.963 -467.233 -552.03
550.938 -271.363 683.096 -139.206
-59.264 -649.433 38.431 -551.737
-248.379 -717.568 7.401 -461.788
-363.955 -512.643 -138.523 -287.211
-711.752 45.628 -472.831 284.549
-78.863 213.594 308.284 600.741
-755.775 487.075 -531.612 711.237
212.059 437.648 539.668 765.257
-80.498 -504.833 44.448 -379.887
61.212 -222.852 360.974 76.91
-340.885 -665.43 -178.908 -503.452
-74.094 220.257 298.262 592.614
113.333 -511.468 476.551 -148.25
480.469 -62.315 795.846 253.062
-191.013 -5.736 130.459 315.737
-843.219 171.83 -524.792 490.258
106.185 -498.434 472.1 -132.519
-624.041 582.361 -583.37 623.032
471.491 -483.595 844.753 -110.332
-534.395 78.391 -287.186 325.6
373.023 371.299 434.468 432.744
432.335 280.869 480.772 329.306
-547.193 240.734 -278.826 509.101
-352.733 -31.555 -127.21 193.969
492.163 -120.861 578.596 -34.429
-68.422 -685.994 9.446 -608.126
-336.192 -231.904 -287.716 -183.428
-223.694 420.204 49.109 693.007
437.899 -585.791 735.72 -287.971
425.328 -739.493 605.302 -559.519
628.743 -854.93 911.366 -572.306
-512.703 357.949 -297.33 573.321
336.253 -619.009 575.948 -379.314
556.136 -877.016 786.621 -646.53
213.704 -157.797 446.098 74.598
1.133 -412.002 86.772 -326.364
413.801 -415.459 701.495 -127.765
-619.171 82.288 -227.179 474.28
-750.717 574.094 -398.177 926.634
571.167 681.806 761.567 872.205
-253.917 388.812 9.482 652.211
-418.756 699.386 -351.551 766.591
319.317 312.406 438.505 431.594
611.748 -16.391 819.647 191.509
672.022 -384.811 871.878 -184.955
-4.213 661.361 72.077 737.652
-51.832 692.998 104.873 849.704
-343.566 -139.841 18.392 222.116
-571.344 -790.997 -341.404 -561.057
748.679 51.703 796.395 99.419
187.357 492.263 324.119 629.025
-622.123 -711.378 -472.781 -562.036
-810.23 -313.159 -677.851 -180.78
251.747 -367.767 616.544 -2.97
-441.953 -80.841 -62.779 298.332
362.248 168.556 743.873 550.181
-142.268 -828.875 9.592 -677.015
370.099 -649.055 530.282 -488.872
-813.386 271.825 -568.699 516.511
353.325 36.479 746.948 430.102
50.778 102.567 148.25 200.038
-7.565 420.788 105.959 534.312
576.953 -13.495 930.969 340.522
371.484 -765.454 665.229 -471.71
242.919 -169.223 385.013 -27.13
91.539 481.43 355.071 744.962
-133.145 -567.37 24.722 -409.504
309.333 -449.696 631.415 -127.614
627.908 -87.542 857.76 142.31
-402.877 -571.59 -114.25 -282.964
-90.773 663.487 -26.671 727.588
-132.912 -523.393 267.02 -123.462
705.5 -315.497 787.1 -233.896
554.224 373.967 748.046 567.789
-197.879 40.429 -2.008 236.3
-349.369 -76.464 -204.337 68.568
-882.993 581.038 -594.691 869.34
-52.721 -607.746 229.56 -325.465
545.123 -278.456 797.374 -26.205
-732.883 11.949 -689.993 54.838
295.315 -367.738 543.948 -119.106
-386.044 -743.789 -103.956 -461.701
281.636 80.754 388.595 187.714
-816.062 -617.116 -522.966 -324.02
349.905 652.699 495.377 798.171
430.762 -490.271 602.023 -319.011
683.317 -27.889 724.867 13.66
74.803 517.168 267.848 710.213
9.758 385.625 367.23 743.098
-911.384 198.585 -628.023 481.946
-214.253 -511.089 -108.636 -405.472
-143.193 -301.77 -68.94 -227.518
534.228 135.898 712.773 314.443
-462.101 531.001 -110.639 882.462
-423.499 -531.003 -230.436 -337.94
-579.955 -592.394 -331.147 -343.586
-9.193 -789.589 88.512 -691.885
-787.914 76.462 -392.36 472.017
-121.001 -270.536 100.456 -49.079
-451.29 402.892 -399.645 454.537
145.963 -468.229 535.697 -78.495
611.039 -317.235 893.332 -34.943
443.59 385.165 833.094 774.668
746.045 -123.82 814.32 -55.546
284.062 -507.491 446.817 -344.736
-291.09 172.932 -80.909 383.114
-225.449 -469.287 -62.872 -306.709
171.305 -757.637 431.311 -497.631
-854.315 -571.09 -501.365 -218.14
315.68 319.693 661.145 665.157
-876.221 -767.869 -614.715 -506.364
-50.656 -137.358 315.313 228.611
-332.27 394.457 -280.88 445.847
250.049 -396.289 351.094 -295.244
-652.79 470.158 -570.833 552.115
640.737 120.604 737.433 217.3
-915.587 -506.411 -531.547 -122.37
659.197 360.233 726.286 427.322
352.931 -537.01 410.271 -479.67
279.823 -428.27 658.075 -50.018
-939.753 -307.101 -651.878 -19.225
55.255 127.829 110.218 182.792
-545.809 315.43 -389.806 471.432
589.513 562.588 728.819 701.894
547.807 -522.848 598.043 -472.612
-813.846 -854.977 -517.582 -558.713
645.442 -815.714 742.849 -718.307
-753.189 435.369 -489.19 699.368
77.408 523.876 425.869 872.337
-97.202 -574.225 115.063 -361.959
-748.233 -868.645 -476.892 -597.304
46.16 97.326 232.947 284.113
-171.871 173.765 -117.2 228.437
134.67 -890.719 444.391 -580.998
430.391 -495.321 482.325 -443.387
-551.212 342.821 -462.197 431.836
50.206 -947.379 442.408 -555.177
128.527 96.523 214.857 182.853
127.832 -535.823 477.821 -185.834
-466.83 -446.595 -160.939 -140.704
-705.96 708.441 -585.926 828.474
-836.139 -129.626 -631.664 74.85
532.909 -549.349 871.564 -210.694
-899.458 -296.973 -572.806 29.679
-416.273 -26.037 -201.976 188.261
-953.626 26.124 -577.532 402.218
-697.881 -635.516 -592.179 -529.814
121.408 -127.73 171.812 -77.325
-225.392 -384.698 -6.995 -166.301
-160.444 518.874 230.29 909.607
615.471 -242.824 882.997 24.702
-247.391 105.878 76.857 430.126
-470.859 716.78 -407.227 780.412
-204.495 -24.084 -118.942 61.469
-823.275 -930.037 -541.163 -647.925
-682.692 -82.184 -496.873 103.635
-576.974 -512.896 -527.729 -463.651
-529.123 -298.503 -134.032 96.588
-61.721 -584.358 -0.606 -523.243
291.127 -537.894 579.125 -249.896
234.2 6.093 284.388 56.282
-279.248 568.822 -232.164 615.906
-621.099 400.065 -379.825 641.339
58.454 220.18 120.096 281.821
-328.944 613.62 -87.71 854.854
-534.373 444.026 -277.825 700.574
475.419 -296.762 645.438 -126.743
-261.795 -672.313 -161.038 -571.557
-588.663 -561.641 -335.052 -308.03
-729.413 93.406 -543.704 279.115
-457.197 18.955 -335.919 140.233
-703.709 297.931 -518.062 483.579
194.915 -8.895 588.731 384.92
700.778 200.498 804.574 304.294
709.882 -473.092 853.421 -329.554
-345.572 -412.594 -206.675 -273.696
604.687 169.423 909.681 474.416
-679.924 -740.17 -339.048 -399.293
-800.095 -637.3 -738.011 -575.216
-932.168 -910.296 -630.983 -609.111
-232.732 336.697 -189.773 379.656
-757.49 -508.266 -359.418 -110.194
-124.656 616.623 156.752 898.031
705.117 -875.341 893.122 -687.336
-245.09 -543.476 -78.962 -377.348
333.048 -71.217 492.81 88.546
755.765 14.457 806.545 65.237
498.852 -310.024 542.901 -265.975
516.338 -461.369 676.545 -301.162
-802.711 -891.665 -567.373 -656.327
-213.304 23.508 152.195 389.007
-186.401 -45.398 103.407 244.41
-714.0 558.957 -646.614 626.344
32.211 11.527 208.757 188.073
72.558 -18.962 353.425 261.905
325.628 313.085 557.143 544.6
-438.532 467.736 -303.098 603.17
416.362 -555.192 635.109 -336.445
-611.445 224.788 -536.384 299.849
-22.167 -379.548 104.417 -252.964
628.674 475.935 699.494 546.756
726.102 -234.037 811.695 -148.444
-707.827 192.159 -428.608 471.377
292.681 576.756 574.648 858.723
-649.821 -11.148 -442.167 196.506
-231.152 96.607 -10.726 317.033
526.451 -630.404 611.002 -545.853
-54.144 -151.49 126.966 29.62
437.547 125.091 674.447 361.991
-905.342 -307.887 -678.107 -80.652
-716.466 183.906 -630.633 269.739
694.76 39.546 764.788 109.574
398.078 196.54 565.451 363.912
-470.015 -135.295 -100.866 233.854
128.445 -119.029 300.063 52.589
134.238 109.787 303.065 278.614
-739.418 -43.654 -549.445 146.319
-40.856 -23.257 285.905 303.504
658.093 25.174 820.447 187.528
631.192 576.633 701.097 646.538
356.076 347.072 561.975 552.971
768.437 -330.975 821.736 -277.676
561.895 -867.374 871.556 -557.714
428.505 -447.704 475.254 -400.956
-635.958 434.715 -274.539 796.133
-385.379 208.587 8.131 602.097
-143.186 364.074 252.57 759.829
179.162 125.318 545.406 491.562
391.888 -418.524 672.829 -137.583
451.374 -553.251 738.651 -265.974
364.188 43.039 559.922 238.774
487.735 -407.582 588.757 -306.56
-779.411 -583.523 -713.612 -517.724
-33.873 377.509 284.312 695.694
-297.615 217.137 54.695 569.447
525.055 336.287 836.473 647.705
107.303 134.423 156.9 184.021
-602.397 225.44 -515.202 312.635
206.97 534.245 495.933 823.208
-267.619 -538.384 -22.721 -293.486
-403.556 331.926 -161.303 574.179
-291.887 -420.902 -46.505 -175.52
-343.53 563.844 -208.105 699.268
-531.781 201.524 -264.566 468.74
428.223 165.874 776.156 513.807
-867.57 -754.431 -607.838 -494.699
-784.486 420.076 -689.97 514.592
70.213 -109.281 421.075 241.581
-832.354 -155.549 -455.532 221.273
-14.109 -570.856 230.255 -326.492
197.157 -216.236 450.387 36.995
-380.054 407.306 -253.108 534.251
-486.529 -507.01 -435.126 -455.607
-378.706 292.095 -39.218 631.583
-760.214 -795.872 -669.333 -704.991
-709.014 509.187 -365.695 852.507
454.91 239.385 621.154 405.63
-126.353 157.338 201.047 484.738
-235.622 -212.131 82.028 105.519
-844.893 312.91 -750.939 406.864
-176.089 -104.484 -79.462 -7.856
399.998 546.754 625.851 772.608
-724.298 389.221 -609.676 503.843
557.578 -309.879 846.883 -20.574
-739.852 120.548 -565.42 294.979
-94.793 25.282 67.082 187.158
-529.414 -427.292 -477.867 -375.744
-315.609 -862.487 -34.302 -581.18
53.353 -577.064 329.286 -301.131
-111.033 -885.69 63.981 -710.677
-778.398 -799.614 -690.602 -711.817
-199.266 500.696 8.355 708.316
-283.973 -350.77 31.308 -35.488
-581.059 388.033 -407.41 561.682
531.343 -610.992 766.71 -375.625
63.641 -245.422 314.825 5.763
431.85 -392.671 751.44 -73.081
-30.823 -743.336 127.149 -585.364
33.436 -31.983 398.543 333.124
-461.35 238.372 -236.382 463.34
-489.42 633.367 -311.241 811.547
-689.524 -611.86 -504.694 -427.03
511.393 224.688 836.735 550.03
-750.712 138.423 -578.019 311.116
-488.173 253.054 -346.728 394.5
-338.553 330.811 -126.865 542.499
206.852 -30.268 333.861 96.74
-307.004 -557.495 -260.307 -510.797
-691.967 453.379 -356.532 788.814
-23.438 -49.401 84.857 58.894
-420.779 510.855 -33.613 898.021
-666.49 -34.85 -367.499 264.141
-710.726 -107.836 -473.793 129.097
-849.189 -816.129 -501.146 -468.086
726.448 19.154 798.825 91.532
-865.702 -820.557 -564.144 -519.0
110.068 -661.888 311.146 -460.809
-300.449 -463.475 -244.738 -407.763
-794.837 -18.717 -535.114 241.006
643.08 -202.634 793.126 -52.588
453.361 161.246 851.105 558.99
-155.867 -467.565 -66.019 -377.718
741.761 -430.104 858.193 -313.672
142.569 498.269 349.981 705.68
-464.035 -724.623 -296.895 -557.483
628.781 270.68 693.612 335.511
-579.496 294.472 -437.599 436.369
-124.467 136.89 -28.744 232.613
419.521 -26.178 483.363 37.664
-537.759 445.981 -431.83 551.909
-445.338 374.506 -75.243 744.602
355.242 155.612 694.189 494.559
316.651 -513.268 474.462 -355.458
408.206 -891.347 772.27 -527.283
425.554 -279.967 605.88 -99.641
128.393 16.056 218.185 105.847
133.859 61.637 446.915 374.693
-511.397 383.319 -307.781 586.935
-666.811 66.079 -594.59 138.3
-837.446 -426.042 -727.172 -315.768
-567.942 -493.134 -373.23 -298.422
-754.593 495.619 -590.287 659.925
528.643 -225.688 877.186 122.854
43.437 -280.832 431.716 107.447
422.505 -961.373 762.67 -621.207
204.083 -36.604 510.088 269.401
478.822 -98.691 638.383 60.87
516.738 -105.41 743.15 121.002
280.566 -49.161 453.263 123.536
-778.7 -853.061 -424.413 -498.773
-328.908 309.337 3.514 641.759
384.403 -39.029 543.506 120.074
580.189 89.997 972.291 482.099
-378.483 -498.828 -150.217 -270.562
-294.496 102.819 -235.862 161.452
308.289 135.732 683.284 510.726
-886.926 532.214 -535.751 883.389
244.012 48.095 417.387 221.47
-44.354 -14.859 274.906 304.401
537.281 -725.632 700.162 -562.75
-866.858 424.016 -521.6 769.274
253.609 -565.049 616.157 -202.501
478.575 68.093 759.618 349.135
73.746 -305.623 430.793 51.425
-203.43 -627.984 -131.96 -556.515
-63.546 -765.639 84.454 -617.638
-774.042 479.54 -717.634 535.947
278.302 171.406 623.322 516.427
438.302 489.104 835.6 886.402
-838.069 -202.958 -598.95 36.161
-502.217 315.673 -460.465 357.424
-417.184 610.043 -155.28 871.947
12.602 360.944 100.756 449.097
-765.897 -253.245 -410.178 102.474
-556.753 -400.86 -503.709 -347.816
-414.112 -342.484 -169.864 -98.236
457.908 180.023 615.109 337.224
-471.361 -60.466 -323.534 87.361
318.476 556.035 538.853 776.412
-528.877 445.761 -165.511 809.127
-425.427 675.024 -326.224 774.227
-535.777 -890.003 -255.277 -609.503
310.975 -389.065 466.007 -234.033
-38.337 -758.294 171.313 -548.644
-377.796 -555.992 -169.679 -347.875
560.861 -3.257 687.444 123.326
-747.612 -85.715 -479.686 182.211
-498.164 179.781 -332.883 345.062
166.679 -31.013 259.552 61.86
141.335 -221.161 465.849 103.353
-74.103 342.439 -24.733 391.808
54.541 277.621 311.884 534.964
-587.557 -273.24 -195.393 118.924
193.905 -171.209 548.607 183.493
575.886 -373.103 895.09 -53.899
229.878 -705.458 497.667 -437.67
602.992 192.15 807.92 397.078
-733.084 573.702 -628.41 678.376
180.664 -652.017 355.591 -477.09
-895.242 -148.806 -651.581 94.854
65.548 -825.042 131.569 -759.02
-436.742 119.435 -76.798 479.379
-123.926 99.889 26.019 249.835
265.551 -13.249 571.889 293.09
