-1098.179 258.064
-1057.766 774.487
-433.263 10.572
-337.621 -523.166
-203.985 -297.208
1166.639 -76.064
731.954 -907.057
-1071.615 394.65
-810.021 -946.113
-1145.534 -540.617
666.95 577.98
-807.119 -393.712
305.427 701.526
-612.776 1165.877
1028.991 410.967
-838.244 -382.761
-95.093 -1102.665
-90.474 -295.795
761.876 1151.272
23.241 353.492
-1146.55 635.783
-307.3 -322.04
-831.701 -345.019
-812.843 -574.562
1052.184 -265.347
-443.254 -758.093
-838.538 -1002.767
357.869 411.45
14.034 1086.023
237.252 1080.195
-63.207 353.322
160.37 621.813
447.714 -450.887
-376.197 -492.686
-879.607 -1011.745
-184.618 -733.011
113.684 713.731
69.648 536.072
-1188.325 668.655
1184.167 -450.266
636.936 -129.36
-449.005 134.366
-404.222 -251.478
521.684 796.624
-1044.146 -666.824
-170.493 -578.503
-38.545 -938.802
293.576 560.938
1086.056 -51.588
-483.158 -77.045
-231.776 372.157
284.934 793.715
124.551 77.682
-22.737 283.113
1048.734 814.262
1154.916 -337.617
-708.224 100.481
677.946 762.264
687.259 -948.749
657.936 -721.258
659.442 531.706
-364.849 206.745
851.182 -1011.32
731.488 820.511
-635.739 -630.89
-742.437 -37.608
97.621 -1176.612
-1.982 909.612
1082.32 748.738
103.636 -1059.991
-491.76 -353.942
173.075 128.574
-1162.241 -410.224
623.734 -533.585
-905.317 751.154
-1130.698 232.759
1009.609 -565.116
-874.628 -711.321
-52.192 967.545
-229.62 161.171
903.86 -781.506
1118.708 -598.546
1190.474 1072.714
-162.824 383.012
-646.29 558.247
-550.481 954.335
-1018.201 -906.178
-459.486 700.719
184.592 -861.294
-280.649 878.052
-272.638 -428.804
1032.782 -145.223
824.116 707.478
-834.822 1183.087
204.306 -524.2
-827.777 806.055
544.265 783.613
-642.731 1033.093
503.007 -128.766
994.426 -694.099
-1193.922 452.551
-227.775 769.845
-211.232 517.409
242.262 -400.098
-1169.736 446.842
82.188 -588.095
-142.727 339.827
467.22 344.2
-28.125 -1150.34
-1032.369 -299.946
-723.698 -519.323
-1165.356 -975.688
-1072.088 1142.805
1018.343 -1197.306
607.847 643.553
-2.404 453.862
-771.189 902.957
-1055.334 -481.029
846.26 596.33
695.509 70.822
-106.628 -162.627
333.067 472.587
791.878 295.735
729.185 1089.848
-139.652 -896.483
1144.999 -432.724
487.845 297.944
80.966 1115.183
-767.076 681.371
-1106.94 834.418
605.399 -511.178
-270.342 -227.161
-157.07 -1195.115
228.368 -28.747
335.015 -519.971
-464.711 -533.763
747.435 132.607
1156.981 -548.278
-516.66 210.889
292.568 -119.196
-534.238 397.165
576.969 307.455
-494.97 -470.111
-291.957 904.923
284.293 -877.71
-688.536 -197.357
-380.06 -261.346
478.06 -1029.913
645.524 55.767
1046.88 -676.596
-940.764 -899.021
561.322 1137.125
1096.171 816.348
68.477 -767.96
-349.963 -671.184
609.281 1036.464
-233.057 940.275
49.761 -67.753
898.219 1175.96
-225.685 -971.612
-172.202 818.888
177.228 1156.249
-529.336 528.791
270.553 33.156
1070.863 -590.74
-658.382 -476.321
1017.741 1102.775
212.568 107.579
-1084.78 171.797
-795.825 -67.825
536.517 -937.777
482.671 -158.629
-750.147 -623.214
-1147.002 792.04
-386.529 330.315
143.782 -970.453
-478.976 1112.549
-856.932 -616.863
-399.786 943.733
1066.491 530.371
-742.092 932.757
-169.796 -548.283
-780.085 -955.412
-157.085 -1117.297
-106.481 65.693
-810.496 -200.069
856.891 140.954
93.214 -70.415
1034.308 457.972
940.015 561.869
-4.357 -385.333
-1148.97 -580.446
-951.318 -1016.942
422.314 59.638
484.477 304.893
-749.164 554.076
-643.074 262.074
-525.827 29.625
-95.946 665.042
-721.144 72.472
248.903 1186.488
1011.917 545.827
948.311 -1048.46
1052.464 -871.611
878.225 163.308
598.884 1018.413
-921.2 -454.244
392.565 -1022.308
-213.017 161.057
762.817 810.548
-726.214 782.32
-593.858 -403.227
-303.66 -888.409
575.762 -263.871
-1046.692 782.047
782.749 172.843
235.098 1179.93
-311.195 743.346
351.924 -1094.614
634.702 -365.407
-76.434 708.631
1018.203 -567.291
774.985 -169.248
231.529 -1010.534
-92.821 1061.716
-487.024 -921.191
-654.469 679.511
153.432 -1163.76
-803.473 -63.456
-758.218 623.735
-792.042 783.322
208.868 839.759
-472.749 841.445
-779.564 -971.942
-289.776 127.504
1094.512 -738.591
351.552 -285.533
-415.87 -360.512
327.051 -630.422
-373.938 627.786
704.198 -1114.491
-622.499 -535.494
-90.119 -798.995
-734.583 -500.612
-597.737 608.691
-677.754 -439.375
-286.793 924.812
1079.633 -429.317
-1161.377 150.901
-266.165 940.746
283.362 472.016
-284.933 989.965
-997.571 832.63
-558.248 1163.25
-771.226 -340.86
-187.233 1112.364
-550.927 -498.101
650.982 -125.844
813.309 -912.015
-419.41 1088.582
-145.285 -275.013
306.517 260.106
226.386 -85.983
-933.874 649.152
-264.636 -396.704
-475.79 572.288
1178.144 -1054.347
-1111.198 941.163
-378.117 941.84
-601.335 -9.588
-1066.95 1090.171
-536.86 -202.97
-676.64 -687.905
649.115 1051.359
181.309 -479.267
-665.275 1147.746
-852.145 945.624
-55.68 -487.796
-68.774 -779.854
-606.096 40.829
-706.375 1139.161
-714.675 997.237
1068.165 -1138.268
-1159.15 -758.676
-560.696 -5.347
-1104.073 944.927
649.053 611.482
-506.617 -914.238
939.653 -225.311
429.854 1180.796
-739.28 -746.784
75.273 -271.841
723.262 1150.078
-1062.7 1053.008
784.641 -1009.289
962.805 -309.56
-387.799 -38.399
-812.667 899.397
-390.956 1187.375
322.574 -565.34
-483.233 563.397
529.426 -1069.931
460.368 -728.445
-746.963 -396.566
-248.401 291.511
827.284 -220.021
-906.975 -974.254
-828.717 797.675
-710.145 -144.442
1054.526 -974.863
182.316 1083.173
-752.971 -152.853
-1150.807 896.737
534.725 -825.235
-1117.718 171.447
195.773 346.722
119.738 767.515
-1152.162 -1143.841
38.826 31.292
563.539 821.051
-542.946 1007.398
-821.41 -144.307
-735.318 -1172.787
-1183.805 1151.065
-310.375 321.973
-601.176 -633.798
-639.256 45.764
896.664 177.209
-364.496 479.527
-196.408 122.952
584.863 -433.742
-145.986 -27.104
175.003 1068.281
-1175.558 -760.829
-57.952 -984.751
-676.552 712.501
897.0 85.028
-1048.316 -583.184
-793.968 301.752
1003.231 -554.087
-884.953 -1180.199
-387.776 251.686
241.438 -1143.218
392.348 566.711
-1034.686 -1108.995
-558.567 662.854
-450.977 78.567
-366.671 -488.489
812.644 416.31
419.262 532.282
-919.926 -236.897
-337.018 487.93
-174.84 -469.972
969.86 -304.049
-436.208 564.087
333.079 -52.742
-321.377 821.249
-345.706 405.109
-1151.679 -1169.818
-182.23 -50.983
-437.368 367.164
746.382 735.735
816.844 -807.346
-783.584 30.522
-677.45 -177.329
-294.031 -980.479
-980.557 -922.614
584.76 143.554
518.879 -173.355
851.425 634.699
709.884 340.703
-682.664 730.948
-125.951 -448.515
-1148.535 907.324
-438.992 856.841
1143.508 -1068.0
423.715 659.825
1164.587 -11.773
-787.951 1096.302
-1185.765 -386.566
-1053.337 -216.083
-352.753 -445.978
808.323 389.95
-113.286 -195.941
336.72 659.466
818.539 -998.968
981.11 535.756
-371.636 -341.435
-481.586 793.545
1028.586 399.228
-1056.212 878.779
-978.068 -888.189
-480.095 722.166
-861.358 -1116.615
725.985 -647.813
1118.858 914.638
-968.187 -453.162
762.58 -1158.352
-697.515 1075.174
-417.839 -534.837
483.991 -319.441
-949.37 -802.968
803.386 898.088
-612.428 879.666
-466.223 -181.789
671.433 1.881
780.429 -1093.848
-114.079 92.045
87.923 734.583
449.15 827.471
-607.515 392.713
-844.842 1019.131
-549.569 1175.489
-674.597 724.452
-882.571 -124.009
-288.935 -216.761
1060.35 -246.243
-851.226 -642.791
588.437 541.98
471.541 -865.536
-922.417 84.444
-448.619 253.213
-386.068 916.38
784.81 -102.458
-677.531 236.222
653.122 847.628
-759.164 429.594
-1011.043 999.477
-672.219 -231.619
1105.003 1168.894
1126.069 -555.722
-1081.102 491.772
-748.686 -633.58
1192.872 -36.929
-736.948 1166.458
-15.448 505.572
-259.027 129.688
758.07 -796.244
895.704 -850.76
422.756 -610.484
630.571 28.855
-560.072 -1132.916
781.908 -313.092
796.437 -610.861
-834.779 1026.446
83.52 1174.604
877.788 -749.37
-769.126 -713.639
929.911 -63.802
-535.634 -931.235
-891.436 1031.234
272.06 -1054.308
-532.134 -1184.643
-366.777 -903.488
1131.141 1129.839
-1058.199 -1168.452
-488.663 -839.635
-577.863 -1035.496
-699.968 -1134.615
733.73 316.073
18.715 -592.592
-742.887 -141.74
-1012.047 288.368
-900.178 657.348
-225.551 -1130.975
-793.037 -415.575
1095.459 1021.214
-570.96 1192.946
1019.137 732.045
657.196 960.285
106.326 495.201
-374.281 -816.777
602.154 -744.294
1134.051 -872.393
454.493 137.816
576.176 -1176.953
-553.383 76.809
-563.359 -61.166
38.573 -1012.479
-424.155 829.107
-825.662 943.154
1001.671 925.076
-1094.218 -976.513
-80.714 -5.609
-229.275 958.954
1183.118 -174.327
-64.318 -841.934
-963.49 1065.794
-697.077 -749.258
280.598 -292.728
-1160.569 560.677
-103.346 641.005
1129.435 652.326
-747.128 -1061.099
-436.854 -89.262
448.735 1082.905
911.905 -510.588
-475.351 169.044
239.39 1194.081
255.456 777.208
-758.69 702.066
104.392 935.378
107.488 -411.984
990.231 549.112
65.695 -1198.176
451.203 -73.235
-194.673 420.637
818.508 -863.758
-951.006 -861.732
-681.913 631.382
267.572 644.638
-147.734 -318.564
522.619 1058.981
131.09 -320.562
116.567 -221.355
464.021 997.652
-971.085 -263.588
-443.166 995.419
-540.897 -785.675
345.531 -1019.238
-887.746 -725.892
-576.101 -1055.916
385.381 1109.571
369.815 -939.203
-976.044 -945.258
889.724 807.924
19.827 -289.489
-1092.965 88.006
-1125.511 -855.27
-965.573 -856.308
-106.778 352.546
148.225 435.589
866.433 268.692
-153.724 970.365
-1044.058 -953.077
-140.628 362.545
419.256 -167.247
1103.386 996.084
1156.206 -678.274
-653.845 -843.192
-253.339 -659.238
801.669 -1089.101
-1178.432 257.91
-589.994 -335.643
1154.578 662.677
-996.263 607.705
976.356 -579.027
-663.402 -454.529
-597.41 -941.269
409.877 -360.05
273.206 33.623
1107.811 245.44
-641.23 -906.83
-315.209 1087.456
558.781 670.918
-528.08 -875.389
-1162.321 563.449
-798.343 191.416
430.626 -451.408
-417.755 322.945
-694.214 1085.904
-589.806 -694.133
147.736 283.411
99.403 -1030.895
1105.502 560.188
1187.747 -313.077
-574.171 621.203
519.155 1142.738
312.325 971.014
-441.528 233.23
-630.252 116.273
-770.609 -17.789
662.286 -354.102
293.092 902.312
477.553 404.938
899.529 -803.652
-246.131 -265.712
-1133.062 1021.338
542.704 950.264
-1096.388 531.386
1107.861 944.768
350.174 98.116
-540.292 97.834
766.234 -516.656
-1003.004 -915.612
-939.147 222.489
20.602 -286.296
789.019 164.219
219.964 -977.577
-828.767 1112.672
-960.849 -521.168
-1020.403 579.888
1180.091 -902.218
-1109.626 874.403
-658.432 -937.684
-1044.477 -448.012
-1077.179 -262.18
912.27 791.171
343.906 978.027
1139.099 218.451
-1113.778 -856.971
-313.87 340.923
860.022 -700.104
-233.408 -708.213
1073.954 803.596
812.152 1103.063
926.823 -357.278
310.974 -1085.188
-39.23 -506.134
178.378 206.701
312.145 -544.792
580.887 45.459
-9.195 -640.762
12.108 921.684
-710.842 766.448
-78.373 -10.374
1038.116 -1141.045
1035.098 790.311
-147.812 1134.774
-609.512 -979.808
427.004 303.389
1166.151 -72.093
627.116 -512.883
302.77 -267.189
-1085.258 195.085
-126.033 679.963
1084.659 -329.337
341.136 860.348
815.533 -7.993
-843.117 -134.172
136.742 -196.069
-706.879 224.139
632.63 -132.396
26.392 713.968
-587.695 501.762
-333.825 -1050.15
-1105.497 -843.487
-707.865 -536.776
-587.142 -711.833
398.011 -418.718
-25.796 -370.413
403.672 -793.921
-1121.767 -518.289
-741.889 -12.535
1176.087 281.784
1142.676 2.921
-952.373 558.045
905.983 1064.08
-839.007 -1004.532
-314.511 -334.615
-509.997 26.134
1168.213 -1000.05
-1048.539 273.509
254.021 653.39
570.957 -782.577
-1149.988 683.002
-914.051 342.097
-483.073 -541.497
702.584 -683.783
-695.464 -745.33
-480.909 474.471
553.88 -766.735
-162.79 635.16
489.345 -882.271
1182.598 -98.996
-525.317 28.143
-330.723 171.354
-656.457 169.335
976.69 -1138.759
238.099 -89.934
-992.09 235.957
-647.619 -626.752
-553.424 -204.984
-696.361 -95.159
-1191.446 360.2
-169.701 390.023
-847.51 689.172
-169.282 -1102.809
-1009.428 464.816
973.882 -85.97
87.945 -43.451
-370.964 -51.186
-335.512 454.536
310.393 -1064.619
262.753 -1163.819
25.199 -695.787
-94.823 63.413
-1185.301 505.377
-130.966 672.2
753.924 956.283
-1143.026 1150.453
690.035 362.012
-270.501 1082.764
173.0 -382.743
-751.895 1007.747
-817.699 4.977
789.777 19.488
922.927 -83.627
-1016.589 -1131.978
547.829 -882.853
-338.603 -174.534
969.008 -326.711
-464.049 -77.748
-545.333 -672.611
172.027 674.607
468.142 -910.42
-414.517 138.177
-131.88 200.254
367.317 -335.002
1129.76 -914.84
-789.269 -792.362
-158.503 -306.872
-369.493 1103.885
18.258 327.406
-105.477 993.186
732.92 -18.143
-787.714 -651.56
-501.129 655.129
121.142 207.315
-1178.429 -1053.271
596.807 1106.922
-192.45 710.353
-419.437 -533.312
500.029 -941.122
247.605 843.997
-256.792 -172.475
-686.425 -881.343
-998.007 -91.489
-326.699 973.361
48.294 1011.847
1173.285 89.917
1017.318 -1138.343
526.266 -1003.932
1005.756 -820.255
1017.108 306.999
968.254 -456.624
1195.769 492.392
-466.112 1001.997
0.929 334.468
3.554 871.605
-695.126 -719.921
-485.533 684.006
540.264 285.136
-515.659 120.11
-1149.655 -958.605
-926.811 -979.196
-132.854 317.995
-396.94 -269.44
118.282 -115.005
-1051.017 259.818
-113.704 -1190.119
942.423 204.961
234.6 87.8
674.703 472.43
-909.571 1010.522
-223.501 -680.04
995.438 889.97
-435.854 136.781
413.657 937.967
30.229 -812.203
-949.712 -1030.869
651.818 -1116.26
499.55 883.346
90.725 721.694
987.854 634.257
885.101 -424.555
789.042 1020.528
1122.38 -752.187
901.716 -757.747
-1190.526 -21.657
-94.074 -246.084
-227.044 380.398
-491.633 299.919
-898.31 -306.193
-53.719 317.808
-792.547 662.58
406.545 -954.212
-896.31 1143.605
730.863 -833.766
-514.443 -744.203
410.86 -113.62
1017.275 -232.315
12.586 -922.989
-754.136 -446.421
1100.429 -981.849
813.782 971.558
435.283 388.606
665.099 -46.961
1086.863 1167.49
-313.716 90.369
404.408 -67.371
-910.878 390.121
-392.176 74.941
-837.42 223.563
-143.652 659.917
106.187 198.658
-845.559 1032.023
-724.534 714.313
-707.298 381.409
1095.261 737.196
-887.451 -975.069
-928.917 -79.45
-269.231 887.605
1046.35 466.945
928.243 -1122.273
250.029 1072.651
-1085.543 -303.574
577.793 -858.641
-718.087 -704.832
320.37 723.462
955.222 199.892
208.162 -1144.458
1170.304 -1136.872
96.864 12.406
133.703 164.494
-249.267 -838.222
1063.675 92.233
-1028.662 308.393
153.68 -907.401
-791.03 671.844
-946.732 212.089
242.986 -918.141
645.271 750.224
348.86 -454.886
-215.408 -565.851
-346.374 255.144
961.133 -506.632
993.067 -132.907
986.008 -672.582
-1160.669 165.618
1002.962 -901.627
186.773 941.578
-1144.752 -400.455
8.06 657.728
1130.355 -1163.872
-689.447 884.334
-728.109 733.605
-772.276 915.154
-257.476 809.39
977.029 -1014.77
-114.527 -958.856
-26.059 -505.555
122.754 -747.2
661.401 -811.818
531.731 -897.328
-619.036 -1186.287
939.006 921.249
-629.654 -385.606
666.114 -446.801
717.112 -699.067
-190.885 248.432
1104.407 990.958
1052.038 676.042
-1064.514 261.573
30.143 -406.433
-193.927 1080.761
-1148.511 -149.457
200.987 1065.673
-306.296 -1009.733
-748.656 874.491
-1167.953 -950.978
-848.183 931.005
509.562 -912.13
901.3 -952.86
-207.551 -775.187
-435.78 -12.991
945.773 -109.062
-219.137 -279.555
542.396 404.121
27.841 -573.649
-1106.061 -389.787
737.512 348.727
108.301 1004.486
660.642 348.468
-171.426 791.497
-100.017 999.899
202.572 -1024.069
-851.556 45.737
511.487 708.625
929.662 -1052.303
-487.359 675.316
-589.503 -155.667
35.065 -984.782
-325.442 -313.687
738.896 -782.969
967.535 -232.876
-765.966 1086.346
-453.267 -48.069
-573.362 -1175.049
-604.185 132.741
971.255 -1199.585
131.526 82.121
-483.985 -1080.539
-44.227 -367.014
-1137.706 410.346
842.903 96.202
810.542 -220.154
811.36 -321.191
-1047.914 -102.91
-160.945 812.951
693.227 -1116.018
569.727 -643.913
-179.288 162.581
-767.873 981.989
-842.239 -1197.652
-883.473 1038.364
-180.096 -845.904
675.266 -339.039
230.175 162.552
-1159.495 996.104
-774.203 586.61
-152.71 674.035
-581.249 349.956
178.402 -388.133
607.464 10.614
1118.923 1173.488
411.419 573.763
674.738 272.249
-344.474 -1106.335
-975.59 -658.362
70.661 1129.952
-969.486 86.095
-116.281 228.879
998.804 -431.701
-648.572 256.908
-190.606 -674.61
-1054.493 579.353
-579.556 426.168
-503.29 -38.67
-942.919 639.871
-302.159 1046.934
977.943 123.417
-641.774 999.757
-1083.536 -825.425
-241.792 911.051
-50.224 691.86
-356.433 -747.076
75.881 141.664
-465.277 -437.998
1052.651 1094.709
-658.311 -177.195
904.737 532.369
-1166.867 -435.859
-112.225 1072.479
-904.294 -258.783
-1026.455 -1010.773
-19.722 319.843
60.286 -648.212
667.353 690.135
820.87 1163.011
770.18 867.764
822.109 510.414
361.979 -734.941
-328.96 64.519
-739.434 -945.576
-1052.955 1177.984
1109.854 214.098
283.966 -962.237
666.415 -414.124
331.874 124.713
730.858 1176.067
626.538 1121.617
356.214 -161.571
1123.173 -434.09
-488.934 -404.076
-111.959 798.241
6.846 -572.686
-158.076 1184.037
-346.477 -63.344
-920.398 370.133
-221.362 -68.521
-427.801 820.489
-1167.424 436.072
1021.67 1199.067
-137.173 -1043.44
162.887 1117.348
1152.396 58.88
-67.106 367.313
195.923 -912.877
-173.639 -404.623
-702.205 -907.801
1154.312 6.218
1062.09 -156.19
407.149 1128.991
681.442 -639.213
641.14 269.719
-605.983 692.145
-854.589 -381.421
622.295 260.887
-1049.408 -395.221
-4.578 -700.14
-769.544 9.809
-779.131 113.55
128.821 699.836
567.813 -567.138
-155.441 -510.882
-893.306 196.579
-969.716 781.219
865.537 -69.926
813.258 -589.403
-25.934 721.029
957.015 -815.412
-990.432 1179.242
59.03 -902.839
0.856 482.769
659.41 -605.403
671.381 -352.007
456.391 -220.585
-104.553 243.322
513.571 -943.025
1025.397 1192.239
14.884 -74.501
-833.311 837.153
1000.859 -823.87
656.986 -89.51
681.117 -780.302
-873.628 -1102.234
1078.294 440.565
-170.503 527.619
872.032 164.468
149.462 394.893
-390.188 -818.248
-213.724 1065.573
1054.459 -24.413
-1181.492 -601.388
181.188 -774.1
-920.445 -897.426
-576.01 534.736
-320.593 -876.723
1083.437 -1111.738
-81.832 839.603
31.279 361.317
-1177.883 -320.514
486.243 981.552
-659.277 -29.176
566.382 291.95
-398.459 -78.303
1050.176 319.861
-892.835 -1162.82
-424.18 -82.493
458.758 1116.085
1180.24 344.087
450.876 -1043.932
-740.13 -236.686
-1060.373 623.353
-1089.019 -891.755
-720.302 -893.58
-388.193 -233.05
-714.237 1106.074
896.447 748.603
-880.221 229.462
1184.471 451.931
390.683 152.895
-11.047 -1123.23
-327.183 220.856
523.574 -742.457
64.891 -776.088
-718.345 -1009.646
707.156 141.411
-1146.617 -983.376
439.396 1178.841
-775.193 209.753
-972.93 -242.614
-1146.436 -772.706
-974.557 -802.266
-816.135 -274.469
-1146.74 -641.462
1130.88 468.593
512.789 -626.537
-543.989 -840.291
-832.769 -50.151
101.174 -1167.288
169.409 -1096.212
547.329 1097.537
-419.366 699.81
461.964 436.703
-689.263 1147.223
-829.806 -1104.483
477.685 -650.281
-274.377 730.921
2.269 723.172
-798.575 -748.752
-437.143 -261.405
-330.973 -995.067
-991.063 -851.652
881.194 -1049.888
-424.831 367.591
-659.628 -702.854
-994.124 -360.345
610.185 32.503
254.642 920.468
1077.614 -1168.754
956.799 654.659
484.176 -1114.004
-928.786 -810.186
864.687 -812.087
-1039.414 -91.683
460.867 534.105
684.813 1049.902
86.154 -148.24
478.808 -849.991
631.42 -61.838
-1029.006 904.356
-1064.066 -528.787
1145.132 -1176.471
709.98 106.18
-1147.136 -847.214
-603.324 -546.576
781.382 -608.342
1106.847 388.996
-930.548 -1192.266
-598.0 -320.913
296.61 531.266
-208.504 609.336
-548.539 -124.04
-1060.676 -932.077
-113.734 537.442
724.335 432.55
-445.825 -945.785
218.053 -1071.202
108.395 -3.351
-352.877 244.431
477.485 -420.565
-2.136 -723.977
90.688 -1046.75
-593.235 503.687
-54.881 673.86
-1062.573 194.68
825.44 -1167.223
-52.951 -644.163
-198.996 184.698
284.727 508.614
-52.381 636.156
-562.387 29.557
-734.599 -1134.877
1193.647 -1087.033
911.128 -860.4
893.462 483.256
1005.335 925.165
401.595 -1030.277
-1020.791 775.858
-1043.171 -1189.268
-584.941 1194.509
-1144.684 -956.568
-1025.802 798.799
1111.38 618.102
174.229 -827.042
1196.429 -714.808
-963.936 285.812
-684.148 966.001
406.478 994.924
435.107 54.973
-240.283 823.449
77.753 1020.694
-32.551 -42.142
-403.819 -814.566
-891.94 -25.31
533.105 579.763
-1150.22 -613.647
-838.696 253.907
-771.614 -1184.864
1099.188 638.73
-767.205 -1120.179
1083.57 -473.853
-108.96 -42.274
74.921 424.539
1175.212 -808.261
-810.436 320.186
-616.139 571.997
-1168.705 1063.07
832.809 -245.076
-269.084 83.764
-46.11 -341.252
741.524 675.435
-341.064 -628.055
-1085.935 265.2
-1084.063 930.464
-327.772 -212.441
-288.996 -793.97
-116.954 -552.182
-548.867 193.079
-931.407 1031.333
1101.04 273.501
-437.077 1091.152
482.993 361.592
-181.979 820.63
-473.763 1045.122
771.156 973.967
266.51 -168.269
1048.805 -485.683
-683.097 -943.528
751.344 879.413
-664.365 -244.973
434.017 -47.572
948.699 615.587
1083.342 806.106
2.618 -982.216
-990.221 702.389
-272.405 -551.486
-493.97 1103.302
-139.517 -151.172
-276.376 -947.014
-40.041 -646.423
517.594 801.016
-314.087 766.977
-442.138 -1165.548
-669.489 -484.443
781.416 446.814
-1074.469 174.907
-289.8 627.348
-198.336 -288.589
-995.684 133.817
794.929 -199.175
-639.937 -615.315
-658.496 568.059
-134.635 630.761
860.457 -270.045
-608.382 115.629
-1074.07 666.856
85.42 193.734
373.99 -160.053
-473.846 -1011.004
796.518 -764.425
349.761 -1072.392
5.04 -1016.284
232.07 1012.531
663.178 501.618
915.715 60.017
-443.476 599.467
-173.749 -112.519
-868.003 -1052.182
365.689 -984.392
118.675 447.646
-321.235 -655.191
-598.974 110.731
1073.684 -354.635
344.742 -340.421
527.446 1003.662
939.942 454.15
-731.207 -375.013
-81.12 -24.246
-549.059 -903.124
760.846 -500.185
738.654 -569.299
663.517 398.372
346.521 676.11
459.407 592.064
646.189 -843.21
-1147.247 -823.913
366.64 825.911
305.37 63.473
175.533 570.968
-506.113 265.42
-490.133 -1156.717
243.54 754.923
-994.201 686.963
772.376 -1034.261
870.317 681.781
577.202 869.487
224.992 302.94
479.82 -968.515
-458.94 -27.72
758.373 -799.248
-1138.41 132.816
-419.102 -792.025
-149.387 -470.45
-555.513 -1056.5
548.943 -1183.048
-1054.581 129.994
-644.619 387.058
726.611 176.626
81.758 -791.279
-121.783 -987.777
539.589 -278.977
-278.4 -622.318
699.254 882.824
-160.265 -985.465
584.346 -1152.921
-101.751 -1079.353
678.37 -421.464
-1028.859 126.787
776.722 -147.581
1096.101 361.78
441.431 889.146
-259.895 603.509
-462.001 490.851
-1071.174 707.242
-634.066 199.067
-606.744 -1090.209
598.488 -849.444
1088.225 1162.439
-857.422 -1025.658
390.236 12.315
668.576 564.596
-426.558 254.908
-208.665 467.361
-537.806 780.624
41.094 516.728
-954.696 -725.544
261.039 60.19
243.199 731.933
-222.958 -842.269
-1038.918 514.419
73.878 -1018.413
112.362 -609.617
-160.514 728.699
404.852 -269.139
1123.643 1116.17
-923.549 1013.268
-1162.501 -1105.43
-186.884 927.496
972.132 -313.151
-899.99 210.081
902.165 -625.547
843.971 -205.467
183.044 183.107
387.38 -481.214
170.145 926.118
248.08 908.595
-377.603 -243.782
-909.77 676.098
232.217 -1097.231
-803.506 762.604
-526.5 -115.409
-286.223 -40.549
544.835 785.478
1159.879 158.627
-1043.367 208.724
-278.346 301.917
-559.386 -747.616
1159.87 230.528
-354.314 678.526
-561.547 -50.74
-448.854 -831.382
-488.719 820.294
-319.91 372.071
-232.24 -158.502
-448.939 -832.844
777.514 629.263
562.269 -199.832
286.264 -516.631
301.57 369.245
-1058.425 726.221
-1156.479 -755.271
-606.944 -1085.987
-113.309 -140.053
-629.918 7.99
191.148 1037.546
773.796 -59.236
-263.146 744.401
682.922 -551.351
935.641 -1110.377
-700.46 -208.478
-899.77 250.451
-936.315 -991.639
-96.743 528.233
595.837 702.193
164.06 -1048.83
555.705 777.956
-11.244 183.731
945.823 327.031
870.675 -797.655
-1055.106 99.448
365.048 637.713
225.823 71.791
-869.591 931.342
656.178 932.259
-590.496 -647.028
157.776 467.835
333.893 33.134
920.101 -742.926
437.068 -1017.697
-211.866 849.088
-97.411 898.452
-984.501 365.232
210.086 1114.698
330.284 543.703
-307.492 202.818
-512.445 -530.599
708.346 358.606
-686.661 311.575
-43.179 847.958
-882.525 1132.948
608.142 -145.771
822.483 -772.958
87.193 -589.274
476.302 239.715
-1036.837 -124.552
-1012.574 548.481
65.274 -277.549
353.342 -626.842
212.694 -1188.996
-120.319 -1025.94
-521.403 -635.655
159.699 549.761
1052.358 86.468
370.356 -34.023
-180.949 -113.462
412.032 509.42
-408.421 865.66
1043.881 131.066
391.974 939.328
-824.821 -410.366
489.944 116.872
54.37 -149.359
-696.343 932.553
134.418 789.721
786.045 13.367
705.64 1009.071
-122.99 -455.981
-950.169 -894.905
1112.165 811.174
-1014.801 108.568
699.659 993.684
-1035.206 -1008.417
698.434 -1011.532
-89.494 668.476
860.495 134.638
987.172 -147.383
-951.817 340.98
-1082.513 -254.964
26.839 704.297
799.255 -1152.015
251.914 -720.252
948.015 284.45
135.825 727.422
-199.904 -1130.074
968.619 198.249
-374.74 -44.66
765.168 748.258
-356.917 -275.33
181.887 -119.077
-662.703 -878.012
976.427 80.031
660.206 -654.489
607.711 -371.287
417.308 -232.206
1129.647 -60.162
-226.666 -1187.718
1086.871 -970.583
1038.264 331.714
424.735 732.804
1155.627 -885.178
386.951 -867.426
1137.57 969.587
-512.046 -171.355
-425.255 747.519
-897.802 -222.406
-752.576 -35.07
34.305 129.561
-527.461 1170.158
-1160.142 72.892
725.906 -648.254
449.17 -169.753
623.9 -830.34
-119.004 -16.652
-485.471 -644.303
1161.319 712.641
-1003.094 -894.38
178.878 -86.974
131.519 824.772
-246.688 -833.45
4.974 616.249
220.249 -820.914
-1125.206 1152.573
-689.668 -353.876
-957.626 -1157.253
938.399 -957.86
958.965 356.055
640.97 540.785
247.999 -976.048
-253.649 267.118
-1026.88 -1072.486
-621.767 -413.813
320.179 56.849
-143.431 215.464
654.719 958.37
293.362 -1169.922
566.507 -569.092
479.666 399.335
562.386 -521.539
-741.076 -481.471
710.292 653.023
-891.376 731.581
-333.222 123.039
-46.418 -478.775
-113.741 -832.099
230.495 -694.102
589.432 681.582
-1157.212 952.037
-222.418 -842.992
820.557 1104.451
-965.798 -360.801
-225.44 -22.124
164.723 456.743
221.278 133.031
1030.188 60.266
-994.317 -988.407
-236.611 345.658
486.198 -996.091
-479.929 660.831
-593.508 -569.375
136.486 -526.715
831.568 801.695
-142.689 -800.34
-426.909 521.237
202.7 -232.627
806.833 -507.588
1198.224 947.091
595.113 -1054.407
-1010.87 -1028.397
-418.744 933.545
872.552 1080.331
-872.691 1160.499
-238.2 753.858
-350.387 339.644
-20.786 747.255
-451.523 -295.721
-527.503 496.5
-1096.203 189.187
191.692 -208.729
-252.937 -251.823
390.012 -971.574
1143.624 -914.76
538.193 213.001
-566.373 -268.494
817.695 -753.781
335.197 1122.155
758.138 -835.653
586.033 38.093
-939.995 -473.181
644.682 -652.801
427.811 -774.931
-1102.338 285.986
670.027 -244.861
554.197 -586.818
-1109.274 1135.378
1124.536 656.994
898.956 542.641
-589.035 9.032
-1176.008 1121.96
65.507 -173.493
-942.198 493.901
-819.372 -1175.861
-883.965 350.966
-111.62 964.15
-110.692 -1125.746
1179.206 -466.064
628.527 930.761
-1098.392 -372.726
-339.131 1142.897
258.833 1047.374
-26.749 618.919
1012.098 766.785
466.855 523.658
250.935 543.854
-969.18 -984.983
248.651 -946.623
636.957 67.625
267.367 650.504
-34.78 -391.288
940.458 70.119
262.72 1084.024
-257.984 -388.352
9.685 -295.307
-903.904 -716.538
-835.251 202.349
-681.246 910.847
-924.935 958.925
-96.698 -899.171
318.455 -943.444
248.075 996.649
968.86 1148.793
-1060.59 -97.353
-1171.677 189.908
419.888 980.465
813.746 -850.332
-383.231 -596.59
458.212 -212.063
-560.285 -1178.84
-352.81 782.086
979.967 -315.453
-844.077 753.21
-942.635 304.119
-318.901 889.355
475.691 -173.778
-672.123 -1150.083
-992.677 940.823
611.667 -149.846
933.642 610.953
-29.971 -1089.52
884.158 -714.163
1103.945 65.906
-793.244 -587.471
-437.594 624.694
-756.633 -514.789
-938.001 -595.241
469.297 470.3
-371.561 -885.551
119.901 -427.278
492.108 -237.923
-599.962 821.012
718.477 -117.956
891.534 733.337
984.425 -382.958
1161.637 -1099.246
656.064 970.848
162.94 133.964
947.925 -1026.649
280.287 -60.478
-360.455 900.942
139.495 -295.31
1102.676 1170.365
-421.176 -529.987
1119.209 436.054
-663.569 -571.964
463.206 416.032
1128.464 845.317
856.364 -35.56
-1164.459 -724.73
642.79 -472.396
-602.884 -174.019
-95.32 -379.802
1135.662 -455.655
1035.86 -638.933
-48.217 218.069
-663.359 -734.575
440.629 426.055
-258.486 1153.653
-913.352 -357.223
-669.924 -853.763
607.393 -427.764
55.728 767.614
858.43 959.08
-386.165 158.417
1040.857 1093.093
-734.967 -75.403
796.507 -829.179
1175.945 945.182
1023.561 -991.096
-1129.989 -173.641
-1183.067 -477.315
417.704 1067.284
95.413 -211.037
1156.257 403.806
-594.46 -325.378
-328.56 -45.48
481.669 -152.615
-695.459 873.724
-90.5 682.099
-415.774 -786.601
337.656 -933.596
-120.905 -105.823
-637.647 1142.384
-780.588 -758.884
896.869 -19.51
-408.474 -403.278
-492.285 1105.468
706.164 1161.486
-903.855 389.513
1055.781 -106.631
-444.605 191.121
1098.633 1103.325
-1056.215 -1124.942
91.34 753.175
-616.615 -996.2
117.943 872.114
-511.691 539.206
-1022.139 689.11
-616.204 -1183.605
1158.915 369.248
775.509 934.012
-346.036 19.71
-437.64 -1080.296
638.717 -1114.868
-807.195 79.869
310.657 -264.446
-302.66 -71.895
1032.712 753.589
176.042 -261.013
-1176.074 -1199.778
976.925 -112.504
-1035.95 531.11
1031.765 691.373
-1156.142 -274.661
-587.248 -925.413
76.024 -12.106
-90.137 -139.471
-573.454 493.049
-342.572 -999.354
-368.249 -533.459
1039.072 1032.839
612.284 -566.68
535.46 305.369
692.788 -619.488
906.883 -329.14
-490.335 -924.749
645.438 -188.507
105.047 -415.166
-298.833 150.954
154.061 508.507
-271.844 -658.005
112.547 938.282
157.338 684.1
416.482 613.678
-480.814 80.692
74.991 -932.86
-628.006 739.084
-1067.138 -891.496
935.789 838.017
-226.353 250.438
504.283 -170.973
909.598 -763.056
812.968 699.469
187.248 -26.68
627.78 -1068.232
-750.636 437.506
521.26 555.984
251.539 -554.599
633.024 827.655
-668.942 -976.691
-233.678 -1168.824
81.876 -441.506
574.556 -880.656
-1074.392 21.778
33.416 -269.973
-404.931 770.911
332.492 -789.323
-718.792 706.068
-781.35 -936.128
399.138 -1143.433
-228.474 1064.309
938.159 770.194
1060.484 -783.677
557.346 386.568
227.846 141.616
-1056.866 -409.461
-738.829 1091.809
-1162.291 -799.817
-942.648 -164.166
-342.06 -1171.912
1004.001 -874.21
-680.614 181.949
-776.974 -844.871
206.841 -656.17
-114.075 562.659
-190.475 1012.159
1003.797 -489.558
-495.641 466.448
498.431 -100.277
1131.333 962.332
-959.829 334.509
827.216 -918.945
1071.197 -510.029
541.635 -937.365
148.983 -81.712
1153.936 1005.499
947.544 -660.295
-103.017 -151.472
252.616 -180.369
408.606 756.315
-121.612 -1.87
-1044.393 1103.675
-1102.307 578.73
11.707 -903.308
-1107.9 615.884
155.008 -1165.039
-209.354 1186.601
89.669 -422.659
-555.495 1065.819
531.551 -682.812
-650.379 1043.856
-677.534 368.908
919.33 949.215
768.815 -796.342
-1048.949 243.182
-409.977 504.674
-143.291 -832.753
-1038.865 776.551
287.594 1175.661
-727.492 217.922
-684.334 -416.38
-31.397 -544.742
-567.448 -744.795
116.879 30.485
776.08 149.206
-465.088 -236.407
-561.776 -931.893
-361.941 1051.819
-259.019 -69.947
-1031.04 -816.29
-345.451 -572.61
1065.755 823.666
577.223 -771.652
14.349 972.184
-671.449 270.849
179.004 -689.01
939.954 -457.002
-120.192 -780.344
-239.995 -320.652
993.691 1102.04
747.604 -1170.2
-17.586 593.638
99.948 28.305
-613.825 784.652
43.564 106.482
971.209 849.402
-894.158 577.563
59.586 568.864
-621.884 -326.469
463.575 -651.84
-1024.274 -1089.216
982.162 489.376
-464.694 181.991
-1002.27 -1.526
665.718 -505.388
915.263 -898.742
160.281 -333.856
34.445 876.27
1191.375 137.779
142.032 325.054
103.07 860.176
-712.251 542.744
1118.291 824.595
-728.316 -802.423
648.474 48.666
1184.428 1123.689
60.686 -35.619
289.886 -720.962
-364.514 -739.941
-977.066 -414.04
1134.901 733.191
-2.772 719.944
1113.345 510.981
1129.999 -1041.221
-887.128 1084.73
1101.996 444.164
-224.206 -376.462
318.78 -800.399
253.739 555.444
835.291 986.302
914.969 853.28
559.852 35.13
601.588 -379.101
-557.906 -326.034
1050.531 -289.571
507.27 -1181.198
565.352 -1128.269
51.516 1143.48
834.324 -1116.571
778.555 63.902
32.257 -248.109
14.278 505.459
-342.073 -1149.661
-508.675 692.673
-831.56 1193.029
89.456 -889.829
-595.806 -841.102
-372.077 916.823
272.417 -669.114
1004.511 1180.779
538.308 -117.636
208.487 31.927
1106.231 1171.586
991.404 -556.032
185.682 -873.176
-923.172 197.033
-496.512 227.383
1110.489 475.354
314.281 -247.2
918.256 154.403
-7.552 -855.866
65.634 -809.195
672.435 -1153.016
120.06 -723.582
-319.529 -206.249
-896.079 -241.701
623.048 530.453
-191.868 1191.205
-973.862 298.331
168.085 -490.165
738.508 -1116.759
778.631 534.868
800.342 588.464
-1079.113 813.209
-85.604 -424.317
-665.262 -1143.995
-726.219 140.313
605.921 -847.306
706.353 -2.107
597.573 107.851
-475.151 -920.556
-715.276 212.312
1086.105 -402.447
-994.285 -602.712
-576.46 -617.29
-69.196 -1171.479
-87.952 -464.809
987.329 -94.434
539.754 -711.65
646.369 -139.347
658.839 605.991
-154.343 741.904
-878.878 272.153
-924.41 1179.85
1085.554 -1077.496
-564.114 1164.198
752.818 856.532
954.691 -1170.683
-446.454 156.96
-1048.092 -744.977
-688.137 880.596
-876.136 -1014.42
424.409 60.14
98.988 965.035
-362.335 -157.77
-15.285 -669.265
-1056.216 -1016.042
-156.18 -127.314
341.454 -205.144
-218.395 60.565
950.316 -156.761
850.366 188.399
1142.059 412.436
468.457 753.088
589.287 -993.334
-479.329 -562.019
582.044 683.793
441.988 -1038.708
1124.142 1064.613
-976.35 852.444
-909.83 159.947
-638.042 -778.005
579.012 -796.129
-818.126 308.023
-554.735 -30.012
862.39 868.717
920.783 -480.48
-1135.213 480.328
405.318 976.602
-1093.686 1177.884
-877.586 871.569
-106.601 248.01
65.526 75.909
302.095 -930.209
-229.943 61.274
563.815 145.329
970.964 -606.301
-456.907 -31.236
946.205 34.618
-846.812 -415.157
628.966 -712.28
33.927 -176.955
-1053.932 -91.462
-239.408 -971.009
-808.993 -867.628
341.124 941.53
90.334 -897.96
115.099 501.502
1107.633 -1031.913
-865.798 1154.042
-401.639 434.907
997.377 145.49
-744.385 -1119.897
-1178.857 4.697
-1047.793 -847.385
817.437 334.588
553.022 -938.791
241.705 -103.723
-598.741 -438.39
876.271 -64.237
-1100.151 539.862
-1178.04 -497.738
508.281 -679.138
1015.19 939.275
-1105.827 -132.715
1092.194 -233.081
660.089 1104.064
1047.94 -165.292
311.861 433.846
-364.693 -71.993
442.098 -588.21
-240.158 -932.813
-758.058 -993.056
497.988 637.979
-1129.693 -319.252
-48.734 -407.405
1131.46 -107.324
-1040.265 673.518
1157.651 -265.186
-897.048 -484.801
1187.631 830.945
-1100.1 537.225
-1103.522 777.152
296.96 947.266
1166.442 -679.3
-478.157 551.08
-418.632 74.986
957.607 62.243
-912.105 129.333
