716.946 788.656 -841.734
-733.592 -787.656 -425.135
872.825 707.039 -598.961
295.161 -712.518 402.808
-744.07 905.47 -39.3
531.432 400.724 -395.345
72.536 676.923 830.047
392.378 -285.511 -100.799
-924.736 -291.436 -325.025
-257.742 866.038 447.477
-863.26 589.846 352.733
258.309 237.029 141.574
-632.213 -137.302 964.815
784.401 -984.021 -422.814
-472.678 688.701 -625.818
-459.102 -557.142 -413.948
-356.958 -112.781 -466.249
-923.639 -702.068 989.707
449.394 267.843 938.71
842.875 714.031 34.036
-153.566 82.651 -438.099
-281.458 886.11 -369.034
990.928 -21.787 426.308
-51.864 -829.698 -88.896
988.085 943.206 439.806
441.08 352.103 -562.057
840.984 879.984 473.547
636.616 -126.551 820.429
402.516 101.084 -337.83
-437.335 124.179 -955.68
-26.458 203.425 -869.887
-548.335 -375.513 -580.688
-650.025 -973.386 -307.404
900.063 -196.081 377.08
-857.166 -192.792 493.736
-867.387 -553.478 93.308
50.601 786.302 76.299
-538.155 -770.726 -247.506
682.043 902.986 -722.153
-692.506 -341.484 258.235
245.681 -774.423 -798.191
-194.437 -445.879 -283.756
-832.187 -796.503 -395.298
699.284 904.049 497.821
-809.951 809.815 178.606
-580.15 -485.426 -720.274
617.084 -768.546 350.877
-711.28 351.509 436.904
-954.848 -537.561 -918.491
-543.486 349.483 -364.932
7.012 -144.17 956.462
837.838 -369.683 -969.518
-13.765 -787.207 -140.301
-173.275 530.829 242.3
-624.719 558.323 -414.716
-64.375 594.762 -717.025
-73.84 -852.991 636.584
346.216 -34.848 822.239
597.233 988.234 -789.415
-394.855 -987.537 -115.877
191.651 -797.05 741.004
-755.408 202.738 490.884
872.409 -691.233 540.041
-516.937 -154.472 -621.06
-718.536 -782.176 -704.513
-806.696 -210.238 790.628
-920.506 585.031 593.387
458.219 -168.904 742.985
-0.115 1.293 372.764
-170.009 470.352 -989.22
-31.257 -328.803 -480.559
427.592 -839.75 -707.76
-610.021 737.232 -744.647
725.063 -847.8 334.864
-469.598 609.438 -530.919
-280.844 -802.918 260.396
96.944 -730.847 735.786
120.395 -344.826 -40.306
-761.307 717.408 17.423
-939.817 511.359 -535.526
-879.401 -313.59 -496.983
419.719 843.546 -83.47
-405.4 626.394 939.603
-420.396 -484.666 -981.162
712.338 933.772 513.714
304.142 525.661 -474.747
-947.163 681.037 -734.726
-384.943 345.693 364.271
-275.469 -207.145 -275.278
-100.546 -168.766 -15.307
319.186 13.382 -30.527
778.361 116.185 -566.295
-637.269 -486.04 596.005
191.287 -98.504 -685.025
-664.945 -412.162 53.487
-797.103 105.504 760.629
713.336 -776.355 597.258
589.542 -558.6 -305.339
125.814 -30.631 -557.429
999.524 -550.163 -233.468
-301.32 547.768 639.289
631.499 641.677 -954.193
264.213 947.083 158.064
500.706 -161.165 -621.454
984.23 -231.418 -890.942
-318.485 39.895 -853.083
-797.845 282.445 636.596
435.51 -526.491 -627.525
269.191 199.731 309.649
-920.483 812.899 547.509
388.908 -222.191 -671.888
31.981 494.043 -264.669
975.749 -709.479 -394.891
-82.75 235.839 -847.719
-547.385 838.179 -269.465
422.681 935.982 916.629
702.557 -132.358 -505.234
-589.198 895.697 -854.774
-301.115 -816.255 967.698
557.492 668.279 -415.9
-577.164 241.146 -16.705
976.064 434.082 -951.905
662.936 261.436 950.768
-24.827 -136.082 -70.048
841.858 -537.249 363.629
809.905 -768.142 -738.539
-193.285 -358.656 -67.721
605.5 610.792 -171.272
-647.082 -718.663 -570.298
24.888 -331.628 458.349
322.04 466.688 226.023
263.505 236.425 -630.982
-882.792 142.625 -259.359
253.782 -415.48 -989.204
353.311 -561.974 588.962
50.518 -504.662 -981.129
-998.615 -929.888 -167.438
80.204 -47.753 -159.681
-228.137 160.112 618.858
-346.241 -26.155 -760.207
-315.184 -989.187 -809.583
847.782 243.359 136.755
749.248 291.405 703.308
-156.756 -74.091 192.06
-732.131 -945.622 268.113
948.16 529.116 -508.673
168.885 569.719 939.304
688.987 225.919 -620.903
161.884 -662.194 240.861
714.267 650.594 276.815
437.657 -63.044 -61.017
-847.237 -760.987 -625.497
999.988 -869.313 -386.46
764.111 -343.213 -2.717
-683.167 576.225 -267.603
-904.609 321.973 653.953
679.537 -847.268 -474.912
372.185 536.579 85.578
110.923 826.447 -74.511
-870.309 -399.462 -482.445
860.855 25.492 399.147
-359.565 15.355 673.732
-361.419 -578.951 -780.457
961.024 933.149 -194.524
-635.266 277.99 563.574
711.823 291.395 774.86
-314.755 779.75 925.428
917.272 393.754 -11.981
669.594 673.008 -419.871
954.103 -148.815 -959.841
-852.555 63.59 683.214
551.307 -559.411 462.266
-453.751 278.383 713.32
-1.632 -883.316 157.896
-18.895 865.568 355.636
-907.653 481.686 457.71
-911.72 550.299 577.569
-155.071 -406.195 331.997
-321.063 15.529 -603.122
-939.995 -567.126 -670.649
-538.289 577.222 953.848
82.237 849.669 -778.573
444.812 -916.563 214.579
783.538 308.108 715.596
-130.974 530.376 -955.837
722.525 -113.759 208.326
-491.792 -31.4 559.03
124.055 -52.953 -543.35
-713.172 981.856 453.662
767.793 938.577 -825.278
119.228 -76.648 644.915
989.504 262.271 -174.648
88.583 -364.062 37.489
-706.192 -908.809 -444.289
656.127 674.564 -753.899
209.603 -73.267 -212.223
-142.104 480.351 423.383
17.222 505.172 909.679
596.852 968.535 659.449
173.125 883.473 -671.7
656.628 408.6 370.048
466.936 -828.899 -242.355
-328.343 859.825 -689.232
-510.357 346.994 480.201
120.718 -154.281 -83.779
-142.067 663.985 34.335
510.222 82.16 704.955
206.34 9.965 493.308
-287.97 -377.82 646.603
565.962 327.946 341.008
-99.589 935.61 -637.82
-366.715 -429.207 746.355
667.558 -192.629 84.107
-500.06 -282.773 -582.623
-148.957 5.648 170.517
-2.45 294.906 773.658
-694.882 -179.91 -260.329
-750.191 568.439 -800.704
517.953 -718.505 732.309
31.491 849.242 410.654
334.598 -773.593 -437.023
155.056 -122.161 742.333
137.651 -527.056 -20.832
-230.394 -422.336 -366.615
575.494 236.014 -386.597
371.555 967.844 818.955
342.026 693.782 138.584
-961.589 807.536 -991.591
571.332 505.41 -651.456
-694.134 352.704 467.649
734.877 16.175 202.175
-86.476 547.279 -58.064
748.114 927.928 -115.779
-818.761 -945.353 -735.548
581.05 201.05 -594.069
-474.625 810.658 -32.147
148.676 643.088 554.555
-482.872 933.153 -180.983
-975.304 295.301 -620.616
-533.009 -95.557 -206.033
998.237 995.227 838.341
337.129 266.355 672.432
-598.06 648.842 -727.226
-399.169 -636.006 -944.634
-863.645 -743.486 412.16
-673.217 -562.735 -519.411
615.996 883.812 45.206
-255.84 -758.834 -273.467
-858.336 -431.234 -284.534
484.728 -694.697 -126.079
-462.018 -808.183 25.427
70.017 -271.21 -73.322
422.947 428.334 214.503
427.316 -193.738 -377.386
-935.372 409.843 924.725
-505.631 782.502 326.676
18.651 -825.085 -757.254
606.056 -90.756 -715.275
850.261 -204.393 -445.785
-550.501 -693.064 959.431
163.283 -871.48 224.865
52.259 552.439 -593.029
-532.43 -246.617 543.111
199.155 132.654 -365.737
-94.07 758.16 401.28
-105.173 297.894 739.604
478.389 176.051 605.684
75.329 -561.713 406.622
-320.17 -709.823 414.837
-773.394 -611.815 -422.027
-471.212 435.146 -548.691
351.504 -199.103 -325.132
-681.048 341.531 24.323
-226.021 367.869 -593.117
-207.77 658.488 843.127
-646.544 -466.271 -826.289
124.834 407.145 -308.832
-308.243 -563.49 315.981
585.113 -659.417 -521.886
-510.334 774.35 -342.881
-273.129 959.117 818.022
426.742 -841.842 705.778
721.74 116.451 90.211
442.219 868.099 -123.261
705.829 -78.775 -92.541
-356.058 272.757 885.974
255.081 -400.665 488.262
-803.268 80.925 126.813
509.302 209.264 -248.077
626.958 17.36 286.9
-196.442 -457.793 751.717
965.88 -852.187 -963.382
55.549 368.598 -791.679
-48.459 -769.173 -260.013
-679.954 935.543 -645.956
980.799 553.094 -436.883
-475.656 -148.939 93.581
844.278 776.414 44.429
-805.275 -379.619 88.115
-240.001 -434.859 -590.437
-776.768 -459.273 924.335
761.744 718.242 -137.913
941.578 677.253 439.054
-306.435 -658.26 -26.361
-191.69 -558.756 -930.174
723.366 322.895 -727.097
113.954 -137.148 -292.609
547.476 576.396 -295.852
-612.223 -930.666 -917.66
912.6 228.812 -507.405
-588.074 303.418 -697.398
751.748 -285.611 910.783
-893.81 317.485 420.566
-841.859 -119.122 301.793
299.621 -500.432 573.23
906.886 -222.004 471.284
129.401 -730.11 99.853
404.387 -610.787 372.699
-573.404 312.861 -802.348
-214.191 -272.317 331.977
510.184 -908.536 283.81
-598.819 -707.458 -989.707
739.696 -321.016 -35.243
928.512 141.249 888.748
42.148 -197.306 -864.245
-546.077 897.535 -790.632
231.504 -162.018 -945.934
-730.806 107.779 -196.522
461.407 204.124 -800.01
-45.363 401.735 -867.417
-462.831 -751.346 823.807
-121.352 -347.753 541.625
-437.188 -133.33 -757.749
-566.278 -679.689 -515.603
964.086 -501.169 -865.311
-238.863 635.966 -155.804
290.483 -201.169 -138.66
-159.852 458.908 -316.806
-615.333 -352.475 -660.671
-758.342 386.675 904.9
721.301 245.237 55.304
762.718 -551.68 378.466
-424.485 -26.025 70.358
201.431 -324.765 983.293
104.102 -527.595 949.306
681.675 549.484 -971.092
335.35 931.488 242.969
-666.643 -553.211 -270.6
649.676 874.325 183.725
202.059 -705.158 189.216
496.359 7.345 -743.263
81.598 943.368 145.117
-609.823 -730.77 -220.673
-169.445 -193.547 -790.663
180.961 -669.476 27.998
446.674 -421.243 780.232
447.251 -552.018 316.861
-188.584 -931.46 126.282
-149.814 -196.273 -868.838
442.364 -56.981 -100.929
-488.908 -705.983 185.229
808.611 -919.492 397.376
3.098 367.746 603.016
798.612 -176.577 774.28
-862.557 42.532 -725.024
994.268 434.469 824.442
48.804 -714.61 -37.767
779.479 -256.966 -235.062
398.199 77.98 -319.604
-35.648 815.138 -8.04
847.509 277.566 294.157
318.399 178.572 663.527
570.281 -530.339 -550.868
-384.486 -541.976 -585.021
854.398 -984.094 599.018
760.607 -986.562 -855.308
38.832 731.911 663.082
-163.101 220.248 721.696
-949.487 80.859 572.664
789.799 991.131 560.543
-74.379 732.025 897.955
-611.978 -441.161 -539.853
348.83 690.358 517.348
-950.849 273.733 -291.371
-382.904 -937.727 784.271
300.745 -208.543 -985.377
-891.579 184.929 -584.323
678.374 -790.246 879.434
327.227 -33.408 -421.856
175.677 -454.798 207.628
804.891 903.751 -331.924
-919.167 764.831 -734.028
727.316 27.836 -429.795
-693.857 577.952 850.011
526.401 -775.98 906.983
-343.647 150.346 -348.123
-853.666 -990.83 -260.005
-749.686 -439.834 -280.224
-283.974 -427.01 808.041
-389.889 313.955 -258.048
-187.906 -907.389 -682.566
163.421 442.843 -760.547
-352.678 -610.259 -410.121
376.24 866.806 -292.447
-343.549 582.463 -938.39
290.223 -199.852 -646.919
643.505 569.204 -515.506
166.391 907.466 117.509
213.566 -524.606 -418.737
-571.203 407.712 635.34
-930.218 -406.352 -41.586
-531.215 140.928 413.145
659.74 -210.464 613.249
-100.489 -787.715 965.845
487.935 20.507 -909.149
92.102 38.494 579.893
-316.752 110.483 132.274
-6.917 -309.915 -799.994
-588.478 -996.635 -22.362
-69.161 -55.762 -506.945
-812.64 91.295 497.265
-530.915 71.268 752.343
-498.325 203.918 987.973
-955.248 -971.756 -31.93
646.569 420.066 369.007
-467.911 269.609 532.048
-311.027 -961.111 703.71
-939.101 -987.242 -716.672
-340.891 -283.644 -957.086
795.026 -535.058 -142.756
738.103 -619.984 -525.582
48.17 322.521 -703.855
599.386 176.54 -977.411
706.032 55.306 4.459
-859.966 797.205 344.24
-376.837 772.227 7.273
-504.215 113.794 725.722
-946.287 -74.718 413.265
535.53 -556.54 -483.351
380.463 -327.646 498.133
134.07 -968.372 459.025
-902.886 -949.918 -44.619
650.674 418.09 -836.66
-863.426 240.437 -587.146
-443.941 781.225 -991.564
-441.843 -636.256 -95.541
455.232 528.872 -732.033
977.32 -241.571 -629.605
885.264 608.497 -981.065
877.117 -448.697 110.619
-125.354 -591.57 -704.454
-737.914 27.412 -440.45
-640.075 627.258 519.346
-391.124 518.964 304.357
-452.191 -663.636 -819.407
186.619 -572.334 464.945
634.819 -993.408 328.453
-892.574 902.651 880.602
-164.198 -505.757 -446.813
549.206 435.172 -634.441
415.139 -567.353 -361.001
-862.739 -663.65 -610.586
-537.743 -2.961 373.923
-476.679 708.691 666.704
146.57 -905.95 91.235
-866.486 -173.367 -835.408
-610.773 -367.891 552.713
-873.11 352.966 -702.963
47.482 -671.975 -427.925
-408.265 520.746 985.383
777.388 -510.589 -113.945
61.146 325.474 -744.789
257.76 -260.401 514.611
-47.981 -198.44 -758.13
-308.841 -547.871 358.192
616.899 -65.739 701.293
814.758 320.971 954.731
211.868 -10.293 538.667
-508.708 -121.972 787.734
841.131 402.533 840.275
47.994 457.898 -628.517
121.132 -592.82 -550.93
-330.869 -576.82 740.488
-412.509 936.356 -302.804
940.798 606.809 -858.198
529.114 364.885 -809.136
119.6 751.04 -978.273
-523.302 -52.053 178.391
-473.081 351.954 506.731
-170.667 -960.973 -20.938
-62.722 474.635 145.569
62.808 663.882 485.42
-541.364 -201.225 525.713
-678.459 884.35 684.216
-42.226 -939.267 -741.758
-640.961 709.758 21.26
286.095 -90.459 -974.872
597.578 684.449 -254.94
-171.223 -287.037 -49.987
-601.636 -300.763 400.66
634.657 -400.519 617.721
-857.052 138.529 -907.195
-677.08 -833.348 541.848
-450.861 673.939 135.365
76.424 -809.204 527.212
517.644 49.985 880.923
-734.315 202.861 -584.011
-62.697 15.137 979.005
905.959 -53.635 996.443
-811.348 471.519 -685.537
110.088 -748.227 223.666
-332.963 190.752 -414.917
787.802 444.493 -840.5
469.0 -974.117 604.15
-157.42 402.537 935.4
-677.789 -768.494 -421.525
719.366 618.439 -497.631
-561.722 630.983 547.521
-171.607 467.875 23.734
-767.104 -875.121 321.042
368.025 947.115 121.145
-604.034 -570.797 107.42
957.602 -362.019 233.602
-363.153 259.077 736.4
-759.913 641.797 -904.248
48.159 909.37 645.027
43.685 148.405 -199.224
612.268 654.713 694.087
-655.288 -674.824 614.155
853.85 945.594 -633.458
-699.329 170.228 393.542
-836.262 -935.959 -875.44
701.768 -248.062 -301.025
951.273 -407.737 -281.65
-217.454 523.784 186.24
-381.538 359.301 -971.712
147.556 796.975 -57.098
160.185 -677.342 924.803
-507.016 274.98 427.23
-720.401 -567.833 -653.727
-167.151 -39.78 -207.651
356.066 285.632 -119.79
156.828 979.618 -40.435
-851.037 -878.489 -603.214
-494.377 -98.894 -785.818
128.54 -376.843 937.706
672.462 -477.695 -960.978
-250.115 875.721 -652.174
742.316 811.22 -520.341
-586.521 -745.599 328.793
917.632 -750.244 180.675
-855.713 -581.698 994.437
653.272 332.329 248.986
122.327 -998.17 -404.378
-226.934 -359.406 -765.905
664.051 -912.781 617.96
650.308 988.562 -562.852
832.698 -770.807 956.238
360.331 629.119 823.996
-457.644 373.996 -685.852
-397.579 -293.643 -67.96
457.296 -570.462 137.481
-354.888 386.797 75.935
497.928 -480.46 22.943
416.467 -26.371 925.244
217.065 690.337 -787.168
486.914 -738.019 597.553
775.723 942.89 -715.809
156.689 -801.137 977.466
477.677 511.845 -850.144
-460.401 79.859 -796.691
718.908 546.984 -412.001
-546.052 922.915 -878.713
307.913 553.511 601.103
912.524 841.872 -206.653
-397.181 27.1 568.854
902.373 -28.648 -714.906
576.96 -39.538 -9.432
-754.156 -597.457 627.81
-218.312 -624.39 966.107
-150.412 -189.177 404.507
-347.087 229.832 371.502
622.012 -933.272 -421.281
-143.26 -733.943 17.125
-442.488 -974.765 615.829
288.137 -885.63 830.722
836.412 488.763 685.09
186.524 26.084 -132.935
327.233 866.508 989.024
210.976 446.407 200.348
202.856 -599.988 -636.924
-47.104 730.942 492.977
326.462 153.097 -134.656
428.47 425.352 448.655
492.506 -454.104 177.468
503.263 -372.143 23.362
405.785 777.866 -397.509
-575.362 236.032 705.257
83.356 655.17 -600.478
-622.485 -24.446 202.686
421.28 488.668 945.783
-845.609 -363.179 189.709
512.3 704.068 544.206
-435.8 377.134 -998.588
-32.593 -583.661 -539.212
24.164 117.266 327.471
-91.465 -301.008 790.554
-275.974 500.213 -367.193
-610.661 675.302 -548.819
-338.385 -574.786 -111.018
-723.87 -19.079 870.916
671.872 -939.515 -246.989
-653.636 -201.79 -0.699
-54.725 572.963 -737.997
61.413 301.507 947.772
990.129 -961.769 792.091
-150.413 357.327 -716.236
29.22 768.889 222.809
-801.406 172.489 374.726
333.372 -816.719 109.744
218.29 93.904 351.292
133.506 -135.243 -746.881
610.745 -217.13 963.791
-577.39 -379.702 945.482
-269.481 -607.479 -238.518
349.876 97.609 -242.023
-470.673 213.974 -121.753
-545.706 930.105 -247.342
458.21 730.95 920.192
552.445 -564.638 -363.382
811.041 76.47 -727.009
-190.744 468.902 -421.446
922.907 415.091 84.961
-498.297 -870.484 -769.86
-514.905 -270.604 -515.685
-409.296 -480.562 -407.664
-619.566 699.806 131.904
-413.122 651.403 -367.209
921.664 519.388 176.88
-285.025 -703.47 -755.026
691.369 450.078 728.914
565.268 -839.416 730.104
-830.111 16.314 114.231
-916.596 -23.803 755.548
-377.955 275.463 -906.922
310.535 -534.11 -152.946
987.383 233.804 -612.981
-879.172 -743.128 -84.636
-877.001 22.557 825.842
-969.785 995.202 416.354
-590.356 18.955 976.593
-714.964 57.501 14.015
408.729 -72.727 177.862
-288.997 -310.932 -650.19
250.105 -432.075 851.024
262.916 -213.508 792.721
-122.625 547.218 345.217
889.544 50.334 221.849
-636.793 -952.287 -179.184
-269.632 14.203 501.25
-90.103 725.344 -217.365
-985.362 852.649 -5.539
390.065 616.606 880.205
-405.29 -583.125 -204.435
-569.801 882.568 -897.136
641.045 296.3 146.998
-880.025 556.055 -351.307
-434.804 336.105 -895.704
744.896 179.237 373.298
310.031 -379.938 959.676
698.958 -490.028 751.152
226.597 939.734 -747.214
841.308 340.576 -610.674
366.602 57.513 972.332
-816.481 -978.093 -46.454
892.136 -244.475 471.34
992.182 839.945 -808.712
-260.995 286.36 -662.279
-596.976 715.899 779.416
167.875 190.698 -531.887
-666.25 -830.623 125.082
-359.274 -189.62 -9.027
760.298 -863.926 -569.634
545.818 -315.647 66.175
-554.777 690.98 -681.038
565.892 -646.53 -705.64
-213.73 653.088 661.505
223.476 265.588 -181.045
-425.65 -257.145 332.755
-69.475 -926.535 -870.307
-85.571 805.146 403.455
309.162 -451.945 -729.581
-692.24 -842.166 417.64
-702.594 -97.062 193.724
-730.102 352.245 992.018
461.608 227.981 517.721
935.865 669.979 303.781
-209.52 178.351 210.549
-289.096 144.773 863.738
820.527 -895.912 36.283
-7.204 515.258 9.847
-74.689 -443.203 128.633
523.141 645.137 -711.892
831.557 458.43 -894.014
202.71 -369.808 822.741
-447.702 -566.651 -457.656
-336.374 -82.702 -332.906
-705.538 -253.367 842.318
-886.185 320.867 387.51
326.325 25.437 -717.075
293.376 -261.228 -220.621
-99.937 46.116 890.279
-245.098 -685.913 -104.103
-988.209 91.437 -21.773
280.909 182.297 -985.165
853.0 -665.93 655.101
572.289 271.938 152.376
-80.559 -647.18 -364.49
683.87 445.184 407.947
-780.718 944.64 -880.819
475.952 540.977 -304.742
8.688 -676.485 -255.086
-67.165 199.309 -152.022
-896.768 318.901 -169.038
-461.591 450.137 -391.708
-158.9 258.066 632.774
-788.766 796.398 -341.897
883.384 793.47 -622.777
-287.441 -449.794 -180.896
-19.417 -369.569 230.479
-387.043 341.916 478.507
-191.65 -734.791 -894.719
995.902 -387.129 98.786
73.816 185.488 335.753
-466.97 887.295 539.289
913.803 509.212 644.741
6.668 826.744 -863.28
-586.694 840.572 -794.844
-979.871 -848.746 -248.66
682.305 465.288 437.733
584.894 -8.752 324.627
-476.552 660.926 957.174
-796.07 -713.6 -638.1
806.148 514.887 1.458
563.416 872.575 119.657
919.691 -328.499 -762.267
514.606 -39.718 597.444
-285.537 -750.466 401.826
-512.395 452.748 -516.614
-125.256 305.178 286.807
-177.632 -309.768 -619.441
-907.893 -630.483 465.653
-590.534 -926.174 18.729
-469.324 123.388 -782.033
-247.128 -955.713 -328.573
-928.937 73.156 -867.019
811.036 55.372 -834.178
-236.824 399.284 -469.637
-670.924 -763.354 -56.377
223.236 567.743 401.603
85.426 -854.214 -179.366
970.387 -843.543 279.018
-771.143 -693.125 -401.817
27.206 -94.678 -88.094
289.971 -365.354 -255.284
730.757 -281.675 239.652
339.66 909.012 978.958
598.772 -133.089 892.047
452.573 -512.96 -181.015
753.008 352.692 -170.089
-920.771 442.076 65.596
-304.592 -939.996 802.713
997.098 239.367 -266.058
-291.964 -476.426 -970.013
-651.254 -83.317 336.888
-102.619 754.425 -535.508
-152.081 -91.869 490.891
-441.361 -22.395 385.366
-971.045 -346.611 51.223
524.039 273.75 -391.131
-129.664 -266.297 -940.056
710.117 -283.603 -182.768
312.949 -9.697 658.945
-176.95 341.324 343.755
541.646 -919.056 -502.669
-871.455 796.291 367.718
24.982 -629.383 -602.429
-964.261 647.589 -536.967
-491.623 -166.948 884.224
765.698 -42.66 791.924
977.554 185.846 719.427
0.999 -586.054 773.977
-52.779 -184.748 70.966
-19.325 769.808 798.809
36.916 -942.566 609.965
-731.554 -683.871 611.279
668.222 -261.255 -204.335
647.567 521.582 -351.306
-972.559 306.938 62.175
963.6 854.79 -386.398
125.432 578.158 854.236
737.477 214.516 664.439
132.761 556.298 256.783
-894.328 589.623 -666.991
-801.493 959.91 -772.794
-743.401 -905.982 -578.086
-448.602 958.49 -970.319
-101.151 -252.434 -476.059
-978.639 686.893 473.17
-985.728 717.688 -787.793
159.884 -276.673 -538.885
-23.048 -595.422 -309.683
-623.109 -124.327 -135.923
873.853 426.881 -64.41
674.456 -991.367 959.966
-493.575 -134.358 322.706
666.878 -862.025 -77.717
215.505 580.687 -155.825
-182.559 936.35 -572.104
-489.842 222.799 -440.773
-770.453 149.908 -978.137
600.989 18.585 128.589
615.916 -242.537 -932.468
518.577 -916.986 944.839
-397.318 -678.382 951.796
505.178 6.45 -895.502
996.032 306.873 -560.051
757.44 451.852 -519.721
-508.289 -4.768 199.742
989.827 -666.426 -306.161
122.142 552.955 -232.884
-628.383 406.909 -22.428
-896.687 -805.719 695.316
86.933 719.033 -936.551
-313.648 -85.567 -600.783
767.058 -890.538 287.173
920.967 -257.06 205.843
-224.008 -182.22 147.569
-884.138 -936.163 563.969
276.896 689.887 942.227
-112.835 -945.087 -389.489
776.758 530.179 -535.111
642.156 93.634 660.927
-795.209 127.392 394.995
-825.843 469.496 -238.227
-794.749 492.186 751.461
737.074 -466.085 -212.111
162.04 720.096 376.718
854.225 158.65 378.906
-929.019 -472.679 20.245
-343.084 821.065 921.509
785.519 -964.934 785.75
775.393 735.173 -837.307
-400.439 682.789 -318.874
-939.121 -584.04 -899.076
-317.816 820.279 792.789
932.384 -966.008 -395.145
-447.371 -788.93 609.969
-549.711 -516.1 882.762
-438.471 950.248 -548.956
-523.047 -828.284 -59.161
482.065 -984.408 193.276
719.314 -695.731 -107.01
-444.611 -69.083 -231.314
73.555 245.373 568.459
-900.25 -125.768 610.042
445.085 -953.328 -254.969
608.469 520.311 727.786
-942.874 -321.705 -72.313
15.476 -193.995 699.709
-235.395 240.508 956.096
174.776 -366.684 125.656
807.66 796.39 585.543
-776.105 118.979 -764.839
-267.847 982.797 732.122
642.685 386.569 -514.734
-577.181 347.072 -776.541
-229.029 -45.66 -730.769
949.423 -304.119 720.806
-681.431 543.347 -411.619
92.19 420.706 -490.035
-145.25 -745.529 457.191
711.386 -497.508 234.436
-139.499 -144.837 -345.703
44.656 157.486 144.354
263.44 -11.038 -612.824
-237.928 444.155 -896.48
-977.277 214.08 -841.455
450.681 -466.326 237.959
-667.51 219.063 -425.869
-994.196 677.924 466.207
-493.448 -510.671 466.776
-874.958 443.548 -259.887
-583.419 784.361 -494.766
217.021 873.611 -128.144
-797.196 853.462 -450.528
687.868 76.283 719.442
-567.0 -430.442 368.447
-220.655 -693.163 -554.323
231.679 -132.331 479.092
-323.397 989.661 -132.39
949.168 -333.264 290.61
962.329 396.278 13.112
7.213 531.504 -72.289
-670.626 489.338 -52.694
-547.117 -427.584 451.452
388.011 -986.285 161.942
-453.259 321.322 -451.473
-712.856 486.38 -376.285
-737.345 -548.995 -774.008
914.274 807.717 -424.405
-374.88 -707.739 -992.837
-52.041 -793.631 -1.798
420.029 -644.697 75.809
996.937 18.06 -274.551
-245.324 896.445 -356.088
-767.251 -879.217 384.485
-238.495 969.395 -724.202
-268.82 -401.677 672.597
746.785 977.718 711.162
844.972 -89.03 -747.318
841.705 -881.384 -277.957
507.325 -730.476 807.003
337.447 -50.593 496.832
725.755 266.186 -712.924
-89.748 -797.63 98.86
-71.636 -503.005 123.778
-697.795 -827.466 655.994
854.068 -675.664 -872.634
-28.277 789.309 -446.618
853.843 952.93 143.381
226.877 -150.733 567.604
-910.292 -732.534 805.874
413.382 285.349 646.142
-357.781 539.656 982.758
-496.825 -308.452 -343.197
-939.893 128.115 628.652
397.206 467.721 -640.722
567.234 -813.766 -781.457
-537.031 725.528 289.22
258.453 924.653 -558.169
635.359 -751.709 -739.955
-700.015 -955.01 953.795
570.335 -452.53 773.557
461.831 823.319 -175.084
-774.025 -998.915 785.999
-949.226 658.414 -396.125
849.269 801.058 -542.245
-318.009 -367.227 539.83
-821.942 -345.108 125.336
289.151 840.205 -887.271
-871.197 109.113 -315.888
-35.23 -239.131 583.224
-666.748 -218.85 290.947
-36.981 119.471 -171.47
223.293 257.337 740.19
-708.697 532.862 141.69
-469.405 811.628 347.195
-948.439 29.691 -777.834
-795.573 -324.343 -442.346
-212.473 -58.213 -982.78
936.034 742.892 -482.62
-181.749 379.533 -542.064
910.74 395.75 -205.876
126.428 404.643 568.147
-556.076 -169.364 659.632
146.576 -980.373 -361.533
523.174 254.616 -136.132
923.505 945.422 908.219
-10.233 -556.474 -750.78
-644.328 848.206 90.739
458.35 -179.83 -292.371
234.799 136.88 -570.928
947.386 -837.051 -966.998
647.176 337.597 845.194
-499.527 237.49 661.603
213.653 462.572 -208.493
-178.976 596.5 274.973
194.255 860.227 -38.502
186.73 695.925 326.057
-931.537 -812.952 -768.061
647.113 -989.315 -295.524
383.688 466.663 123.715
-422.904 -988.781 215.135
697.925 820.424 -674.669
762.532 857.417 235.141
681.061 109.677 -954.039
774.397 629.892 -712.228
-932.489 -924.322 -202.839
770.517 605.845 232.705
74.227 -63.093 552.761
552.873 -646.304 953.336
528.336 -339.825 142.283
278.839 -846.915 930.803
170.651 -355.166 137.174
-977.884 -683.081 -197.734
895.715 810.593 290.876
-197.937 -848.293 -820.963
-707.246 -227.218 -538.134
806.667 997.224 -427.809
