278.854 -949.978
-449.941 -553.579
472.942 353.399
784.359 -826.122
-156.156 -940.406
-562.724 10.711
-946.928 -602.325
299.769 89.883
-559.119 178.531
618.861 -987.002
611.639 396.279
-319.499 -689.041
914.426 -326.811
-814.508 -806.567
694.989 207.452
614.257 459.464
72.456 946.232
-242.931 104.081
658.809 237.04
723.414 154.704
409.144 -908.351
-544.203 -421.224
-840.416 -534.418
-797.997 -444.053
271.369 -270.336
-259.638 -580.986
-466.044 873.309
296.071 218.262
-657.723 458.254
-673.195 -241.089
979.047 280.0
113.899 369.229
685.704 552.0
-541.904 -935.8
-369.094 -464.518
-578.034 885.819
752.735 -370.644
310.877 -208.736
829.095 -82.296
-470.24 -506.745
122.736 -474.517
169.172 795.646
-201.199 -561.358
995.075 19.053
-818.181 -905.767
-780.702 254.892
584.159 -155.68
-872.945 -236.761
992.243 58.229
942.157 721.559
-977.038 441.444
363.421 73.941
-466.35 281.924
-776.896 -130.469
-92.553 907.632
751.706 -473.222
1.172 -642.696
825.256 741.037
-403.11 277.899
217.94 -694.321
525.022 78.758
557.253 60.707
-998.856 -351.688
-961.047 858.197
757.444 663.331
-384.972 -884.15
756.019 893.899
-828.693 -28.019
-861.575 521.204
531.669 -743.217
-49.435 99.607
-469.887 744.866
-153.724 -576.404
78.592 459.862
-597.698 -376.567
990.299 299.756
-123.8 35.152
-757.992 -550.605
-323.829 176.617
-539.771 -559.565
-858.014 262.206
-542.116 810.84
719.271 -858.285
-523.991 337.956
-571.526 -735.376
871.028 142.086
-54.658 569.239
614.994 -619.18
-806.138 -137.898
-152.843 -65.951
458.152 346.729
968.33 -803.164
-194.757 -321.395
723.345 -502.687
-619.582 -102.773
-156.237 -442.91
-500.387 846.531
-113.739 722.698
100.651 -898.823
998.565 672.055
