-819.001 -641.817 428.967
-606.591 761.764 -224.377
388.528 307.961 732.266
-723.185 197.389 157.99
-633.552 384.461 969.401
206.458 -263.379 -796.126
898.556 -790.476 55.079
-489.252 -590.73 -810.271
489.529 840.357 877.411
884.444 -159.928 -172.867
-268.506 942.164 796.412
-236.066 180.768 -991.497
-207.695 -502.923 -182.793
-19.706 -491.424 -94.245
531.743 -997.441 590.994
456.23 684.496 667.707
-822.214 346.969 -500.818
-796.861 734.18 446.985
811.357 295.255 -847.147
-708.064 -683.863 -203.583
556.389 284.6 840.435
-816.661 288.542 460.929
-504.919 -146.672 357.514
-41.45 -330.639 -827.475
627.514 -840.807 988.507
-170.055 -874.345 20.153
172.556 622.303 633.706
-650.073 -291.392 991.584
395.018 178.463 94.877
386.562 465.782 -543.687
743.738 585.511 794.594
-306.26 72.898 -183.54
-459.214 -23.595 966.317
-263.868 624.713 -959.732
-179.224 182.536 243.199
-490.353 40.546 -902.8
55.572 559.857 277.694
-72.902 720.975 -177.507
311.252 427.881 224.292
354.988 -275.072 821.785
555.396 467.892 -759.425
467.752 722.434 -915.226
-313.419 196.83 858.089
904.733 -770.68 851.617
-464.33 -181.014 -980.498
555.942 -174.782 753.523
686.923 -596.365 -940.819
447.84 -12.967 -871.16
147.376 -399.702 -823.83
229.116 -580.225 460.075
-430.26 203.438 213.828
471.011 527.163 -367.311
600.89 -839.504 747.879
-172.244 -141.918 -938.157
380.059 -552.049 -547.356
668.772 -702.55 507.454
-514.13 84.089 47.418
-532.315 791.981 -71.047
49.46 -362.645 638.32
-102.762 -938.321 246.618
765.059 392.528 -529.28
361.268 -507.103 54.828
-621.562 -41.726 622.286
-229.924 73.737 194.135
204.377 -179.876 -431.613
794.871 757.581 201.187
53.963 648.196 634.11
823.312 -489.338 664.266
-728.353 219.543 242.777
-758.18 356.64 77.607
333.258 150.25 -937.839
-119.427 -874.837 -533.494
972.625 -391.518 -595.274
467.792 -774.724 386.496
788.637 930.356 623.909
-196.983 188.707 -975.105
-516.981 743.628 505.924
253.983 -678.437 241.633
435.975 -789.485 144.843
825.317 289.589 -756.676
-679.291 -138.701 -199.657
118.665 -748.996 508.881
-456.685 -422.159 657.204
900.596 963.502 639.903
-489.05 -718.173 679.202
946.916 906.853 -768.69
5.69 448.047 -170.856
-877.443 184.525 174.027
-459.535 272.965 738.364
-778.221 -962.876 -906.902
-304.826 122.317 -325.027
639.081 12.646 481.959
-878.861 639.654 298.908
-316.923 163.194 -559.858
-190.435 42.698 716.35
868.624 -796.414 -672.338
322.05 -813.532 -540.712
629.188 -948.838 -474.76
515.698 629.467 165.769
292.418 628.355 657.261
