937.993 852.734
697.391 -667.378
-28.718 -572.505
-197.919 -882.729
-242.054 970.618
-469.594 568.141
-89.983 -153.985
914.635 990.845
111.537 436.817
-690.406 -406.584
937.419 158.361
84.39 495.951
-885.669 168.355
5.701 705.44
-685.135 921.558
-839.777 -628.35
190.07 350.425
-529.592 -760.227
780.575 -507.569
189.038 238.763
-161.55 167.345
45.565 869.413
-591.482 432.384
-522.628 -208.428
343.38 -400.006
-367.646 503.729
-854.914 -83.429
996.909 992.193
-853.479 -573.691
-469.599 866.519
761.728 758.54
-260.946 -684.506
667.49 407.08
223.356 974.466
307.953 -984.354
634.208 -401.242
326.777 877.86
-731.418 -769.143
-785.928 106.447
-455.304 209.66
435.224 -592.805
268.476 -472.032
-22.936 810.673
692.207 -815.403
-152.848 -446.64
-992.909 542.238
274.227 -476.089
482.462 103.361
-144.626 -980.661
-849.512 766.213
807.857 91.181
669.19 165.019
-703.812 -745.109
-383.483 797.963
592.245 721.405
797.849 -579.847
-500.941 -794.413
560.232 768.269
-187.245 241.323
-690.893 859.762
729.211 952.412
621.543 762.832
-950.427 473.129
-335.629 861.632
604.47 728.128
621.499 -466.389
574.749 -783.809
744.334 717.187
-555.133 633.173
-79.394 -389.618
590.691 -544.809
-952.671 -613.74
-343.476 728.706
933.778 -441.75
282.963 -200.643
962.299 72.431
878.474 -769.316
940.801 -642.864
925.069 -469.067
-783.195 -130.872
457.09 -372.645
212.418 22.846
-229.609 153.176
-490.555 417.571
-996.617 851.15
76.904 438.86
483.9 341.257
-271.557 -860.052
328.475 -339.6
-372.169 696.031
439.509 -399.355
-381.431 -183.214
-195.199 -408.69
-745.424 -159.107
880.727 354.636
805.611 231.03
-398.1 95.874
-999.188 -426.173
-140.224 159.97
309.411 -70.024
-115.68 -572.597
-53.628 802.362
592.05 -660.617
-830.409 30.904
265.882 -329.623
636.847 502.276
345.591 -550.719
-601.74 -951.149
-510.315 -49.727
699.475 -854.344
-171.118 259.531
-611.13 392.709
-11.246 -512.031
312.116 -988.91
501.929 540.092
-786.825 -149.708
-648.227 915.932
35.916 -899.563
-501.603 696.673
-87.076 602.833
335.155 975.785
190.905 900.079
782.852 225.305
438.548 9.556
661.138 95.744
794.416 487.311
-50.651 -481.617
-505.521 275.323
531.627 42.6
253.497 -450.805
-845.033 -428.544
-456.57 -360.581
80.304 -723.252
-537.477 387.9
412.838 -871.542
-184.801 85.222
-168.452 -586.331
-159.713 809.677
168.159 391.046
713.464 531.189
-239.238 -988.208
-296.482 506.95
706.896 906.861
-161.957 495.031
92.265 206.505
-558.923 -561.157
-128.328 -941.95
-327.741 358.284
-191.367 -669.911
-65.22 -744.744
244.514 -946.067
-211.959 128.784
-945.796 285.499
-728.601 -76.603
-899.431 -241.792
-576.679 -346.308
522.459 -241.748
504.02 663.849
-495.457 -836.188
-961.233 78.838
999.816 -300.079
300.288 562.466
303.509 508.466
899.223 -601.279
-959.24 -695.235
-747.558 338.918
127.939 -564.071
398.93 533.796
-664.422 214.495
495.851 -770.934
638.602 929.442
-783.803 -948.643
-376.086 354.695
916.346 -206.691
430.029 -848.007
381.229 254.485
-796.197 544.962
700.586 200.823
-757.89 967.689
565.271 -305.592
-143.244 -258.858
11.922 -317.538
699.151 644.662
-788.922 921.575
271.17 657.415
414.617 -129.026
467.591 930.947
-459.835 616.398
76.346 -33.005
-128.851 462.052
-463.209 703.426
661.462 -826.674
763.262 -512.273
-70.583 220.663
-242.021 -942.6
701.906 -636.32
-575.76 595.665
-319.322 760.64
402.368 -447.463
-979.698 896.125
-828.774 440.149
-22.844 516.329
381.219 291.806
-18.357 585.866
-813.893 -556.807
383.574 -387.588
163.111 -53.479
61.844 -148.992
491.871 -338.417
405.71 -458.167
-497.193 -758.688
-614.831 -760.891
71.728 524.379
-629.7 -567.231
-31.603 449.17
953.214 49.274
-434.003 -798.948
-611.765 -545.034
-641.117 -971.703
68.27 -451.377
948.59 106.718
394.835 -747.441
736.922 -18.243
745.439 148.128
-61.206 -119.062
-631.273 -897.247
882.127 -44.542
644.231 -198.585
-851.836 258.891
-892.782 -701.605
125.679 -392.329
987.836 -763.097
528.887 212.635
581.482 -548.626
45.145 -98.971
-114.558 720.333
980.063 -389.24
242.055 219.262
480.179 895.18
-584.424 -577.95
320.856 -685.886
-652.373 -849.87
-994.649 -98.993
187.622 -417.481
-537.048 413.912
405.975 -91.937
374.77 847.822
575.656 250.116
322.366 867.337
-149.722 89.125
295.269 816.823
653.262 -857.18
-668.154 -384.776
497.915 138.414
-422.779 -751.293
377.356 399.467
885.352 0.944
-12.41 -839.116
-920.278 -135.943
-355.357 -499.264
-817.346 923.822
671.917 150.398
901.573 999.145
344.563 -460.978
-919.537 512.538
-58.998 303.019
832.146 -637.022
170.659 269.569
-16.548 -817.515
-304.078 -333.383
340.267 715.466
-340.393 387.347
-423.564 890.387
627.132 100.193
-90.348 -370.966
-353.452 940.369
-191.65 29.193
976.238 315.321
85.187 -173.505
-624.835 -276.441
512.886 250.817
519.981 -592.884
98.439 855.346
-123.768 396.5
-757.148 946.294
217.743 -521.405
-683.244 101.678
104.503 -813.582
984.514 825.86
-77.104 -765.068
664.286 -3.249
433.207 17.744
-453.15 669.448
960.489 -512.538
102.53 -232.828
843.736 16.482
758.653 728.054
-447.505 580.012
-170.115 868.497
15.475 641.099
-434.322 -402.888
173.875 997.805
-20.719 -702.809
77.161 -309.752
103.835 86.86
-89.311 -356.445
-622.695 394.997
143.595 -532.875
551.089 -912.705
489.41 410.456
622.818 -227.842
327.378 641.495
961.636 -9.343
-925.961 4.582
180.361 739.401
748.381 -119.388
51.902 -86.144
444.888 -180.043
309.563 -691.278
-61.019 938.407
-322.878 385.409
299.673 703.531
704.683 718.684
-239.981 -366.678
437.435 518.804
744.766 -928.202
-863.159 262.322
841.858 994.852
493.533 -132.057
-803.114 267.496
745.158 -112.643
388.002 806.848
-908.018 592.287
-413.264 -250.318
-708.86 62.333
131.856 585.039
-660.033 -842.063
741.679 239.421
-518.34 825.658
-713.765 -77.7
-492.045 -489.347
-981.205 609.266
802.419 355.222
-684.049 -116.54
-308.869 175.143
277.877 -151.382
-499.804 690.608
-601.566 -230.614
-33.584 -525.589
143.845 149.624
985.384 -409.538
955.889 316.46
-451.039 131.858
371.599 489.338
-901.911 212.813
-6.545 808.311
-427.612 597.72
214.13 -295.358
273.236 241.782
355.529 441.857
318.363 676.674
256.496 806.807
292.681 -382.134
-118.354 159.148
464.72 -819.733
-409.779 494.962
-648.72 -735.68
78.816 942.979
61.705 826.974
660.945 -486.06
649.38 -36.304
612.977 493.119
-322.569 -769.661
925.787 -718.486
933.0 720.281
448.433 959.884
934.539 609.175
-268.45 581.364
-972.163 73.145
-90.428 345.657
344.682 169.12
644.835 880.584
-783.308 -532.356
-949.951 768.47
122.815 830.512
-557.266 -873.566
647.711 818.775
-395.62 -183.408
-720.446 892.523
-391.271 -14.751
-805.616 774.519
-728.672 -92.712
340.972 486.28
891.948 -161.746
484.538 -690.954
-170.231 -801.957
-21.306 -183.768
903.043 -934.567
-258.94 -113.234
901.11 710.9
-801.291 371.361
88.932 955.685
-282.652 -203.721
-620.383 -755.681
696.066 -90.565
325.537 283.409
194.292 -957.285
573.589 -512.862
-748.152 129.156
-862.78 530.315
-585.685 -568.097
739.391 -342.881
-704.892 801.062
-994.329 716.812
-710.624 -740.016
-498.692 -651.006
322.115 -948.44
-970.279 579.969
-524.137 -352.457
-651.508 -895.202
483.436 52.171
491.331 -47.508
556.034 26.476
-781.892 7.677
890.831 -913.27
566.454 733.962
42.902 -83.915
928.052 -878.349
-42.036 -196.765
372.195 -19.462
819.402 -853.019
-838.419 216.595
-868.636 -449.968
266.153 96.713
-349.629 989.256
61.114 -92.569
210.854 -801.643
403.559 705.585
301.833 537.925
441.68 -569.954
-96.89 -543.013
-322.137 -93.002
-168.021 -809.828
-146.472 330.216
-251.398 -694.722
845.97 -865.733
663.544 -813.54
-806.871 477.592
623.539 112.741
172.93 123.173
-340.708 -755.537
-292.804 330.681
500.569 736.184
442.121 936.797
200.82 -296.708
155.837 -574.522
313.473 -551.51
-783.563 690.747
-264.878 525.211
148.2 614.443
690.31 949.093
636.854 227.147
285.398 -947.492
858.169 658.922
-465.105 -639.168
405.398 -382.031
-320.351 -987.788
739.725 132.642
-198.431 -716.251
266.344 -938.686
492.224 -569.734
-160.335 -318.208
-259.894 443.192
553.671 135.187
-830.086 -894.782
-685.18 235.676
347.937 -455.794
323.877 -28.677
-115.912 -453.666
509.886 -772.365
-140.173 -433.507
356.973 -26.734
334.265 -909.165
-209.473 198.65
-984.626 -397.161
-577.532 -725.53
-488.961 -343.755
-984.54 494.028
-648.61 -239.585
407.343 0.525
666.708 612.4
-855.849 723.529
-915.395 -962.517
842.325 724.22
151.518 146.799
418.998 -164.612
-769.653 -958.287
-350.464 602.644
236.251 664.052
839.54 -823.74
688.969 -513.367
177.743 47.925
-208.467 -379.451
-320.973 -333.863
-663.735 20.967
-771.947 19.904
811.845 -301.249
454.758 637.897
630.074 -527.462
-707.112 -605.456
204.798 520.431
311.018 -645.708
545.696 -11.766
508.892 519.754
-102.189 848.309
128.984 270.597
249.044 728.494
254.435 -698.085
-863.427 -115.584
-394.359 -450.653
-887.656 14.674
-379.184 -96.172
-886.22 663.393
-846.538 728.5
710.587 230.017
14.136 -74.577
108.633 583.636
791.754 -100.533
619.632 303.675
-356.946 -48.742
-698.278 -876.253
-792.996 798.254
-313.124 428.631
9.098 -654.882
-504.513 -124.483
-121.156 45.496
-682.508 -254.296
-434.213 -182.461
-323.266 195.772
578.454 294.611
-868.176 -810.988
356.759 -431.706
447.467 313.128
812.685 746.559
-333.276 165.479
-717.143 -300.358
935.393 396.96
-216.084 190.082
876.004 -380.836
-246.641 583.324
626.37 340.233
657.918 477.549
370.829 52.787
292.05 -153.187
-276.344 -274.805
-639.474 -571.615
895.337 -27.458
-546.914 -724.869
-845.67 688.857
-797.718 541.749
670.24 767.364
-924.505 -326.471
532.615 -737.902
-246.56 -675.506
662.69 542.196
618.087 -668.922
-124.653 -178.283
352.726 -524.94
-111.603 -430.144
497.073 -102.144
68.022 -381.064
617.248 -61.969
670.227 -264.318
894.26 968.88
-76.64 -436.457
-236.255 54.92
932.536 633.782
602.518 -723.203
-499.994 282.358
748.234 109.081
-794.821 691.785
702.332 -429.874
526.234 -454.417
810.612 -705.303
-125.055 892.827
-555.924 -97.744
-300.83 -946.66
-893.486 4.014
-528.444 989.051
-250.175 -943.625
861.652 678.353
299.921 582.761
-724.801 -426.241
659.523 392.144
-722.415 411.072
-102.797 -989.498
-841.548 -488.152
669.926 97.608
454.47 55.543
-777.626 -423.797
-397.698 -904.501
-160.349 587.798
-85.773 -778.284
810.294 193.478
-967.129 30.751
-516.124 -712.846
-141.522 229.619
-518.872 -166.865
328.743 -828.772
949.309 -864.641
52.119 14.655
976.663 108.304
-219.093 -59.73
271.342 962.079
-492.699 -967.516
577.04 -310.395
465.882 256.514
543.003 470.374
-334.963 -911.329
92.027 627.018
-649.822 558.285
-70.754 390.779
263.472 622.995
-873.799 552.381
-84.641 -413.115
-912.387 -601.06
-916.188 866.742
30.767 978.245
86.061 -493.372
506.582 -617.793
-286.052 561.683
731.597 -336.151
-751.05 -263.962
778.973 486.615
789.275 -226.71
947.447 -7.594
-4.953 848.621
38.552 602.296
454.163 -842.146
204.907 644.683
90.949 -357.577
-839.862 321.838
-387.008 205.243
-147.768 379.53
-296.906 -915.29
740.074 -294.881
996.301 -450.889
960.055 895.809
-849.918 275.025
-273.378 602.192
358.821 905.579
-714.441 215.146
562.624 -930.402
-865.533 557.031
-267.343 -234.291
134.489 210.19
358.124 897.647
-255.973 526.169
147.844 58.92
-203.932 299.121
-500.777 -773.103
471.35 -1.912
-226.025 123.345
-476.447 -479.42
-107.454 992.73
-428.846 832.958
-17.6 -754.725
705.653 -95.915
797.358 -109.778
-824.419 363.859
691.042 -360.824
-305.149 -870.122
84.343 782.663
702.724 423.618
854.649 275.4
587.393 17.511
-757.275 -598.039
-722.246 580.746
-947.432 108.043
-262.178 607.323
103.294 223.897
-827.569 -381.419
999.19 437.739
51.391 538.329
646.679 -852.499
944.759 284.677
-100.051 360.218
-310.97 755.92
560.526 279.588
-636.074 932.529
-134.763 821.425
-889.174 -751.678
-693.969 -670.686
-354.678 418.664
-307.954 881.808
789.852 691.867
-498.789 270.114
101.683 -749.659
-394.351 66.956
5.146 -662.728
883.214 -691.611
317.466 441.266
210.278 685.06
127.236 650.473
-943.253 -909.076
282.907 153.542
302.26 533.918
-166.826 277.982
-3.924 254.328
-420.657 913.3
-34.11 609.376
369.982 -405.132
-854.054 -880.174
-120.789 -31.498
-591.954 213.321
-374.835 436.726
468.4 721.555
950.748 -738.468
-258.92 123.302
-361.768 -67.055
-465.057 -504.162
-806.377 -419.576
-231.7 230.755
-503.459 730.615
-680.601 -345.128
155.374 -374.57
526.243 -3.469
29.45 -2.481
-382.919 -953.647
890.466 10.889
933.373 -569.711
-294.21 -898.919
-10.212 764.679
308.52 -58.826
73.381 694.345
-138.144 764.911
455.016 527.714
-268.125 -198.837
140.563 -610.689
106.446 -852.937
8.511 528.808
-440.559 978.181
360.797 -762.378
950.166 -212.193
589.794 -321.829
877.897 509.93
-601.884 18.245
0.156 -909.393
-725.927 -333.919
-52.512 -86.023
212.521 31.011
-344.068 226.136
-674.996 981.231
478.639 -401.531
-327.253 656.579
64.68 417.48
-400.419 631.498
-263.284 347.613
959.796 167.404
593.51 450.648
376.087 -946.706
-50.82 934.141
565.808 552.324
155.269 442.8
167.047 -658.976
258.05 239.472
682.334 -704.449
361.454 -936.859
896.41 -780.209
-962.125 -372.615
-697.137 381.001
-179.245 549.945
841.042 745.635
471.675 -875.437
-723.835 -585.317
-349.901 324.454
50.954 -372.495
-653.635 824.248
-315.346 -291.426
543.98 441.849
286.618 386.627
220.153 -615.472
-506.962 116.173
-550.266 945.821
-404.771 -421.992
-585.444 409.977
-365.919 -302.394
867.401 590.811
-453.085 -756.252
353.244 -240.612
960.321 636.755
909.218 609.232
-419.095 -424.739
428.283 -307.273
-115.248 -487.112
-41.841 -595.864
77.156 866.048
392.343 -725.454
231.354 173.661
-515.084 339.668
62.083 275.889
-895.018 -173.397
434.716 -798.91
541.532 -989.637
100.705 858.199
-186.185 870.064
756.799 -45.103
-601.088 927.828
-357.665 291.796
815.874 -821.079
148.267 70.305
446.235 873.339
826.459 -649.87
764.49 -648.423
839.27 994.344
-206.011 -9.232
873.217 924.263
852.079 753.486
-981.466 135.924
-785.399 965.988
-430.877 978.199
86.601 -12.175
877.121 702.119
-63.958 -614.377
-774.706 -675.011
-82.171 -485.47
-627.602 473.236
581.535 135.562
514.566 -649.01
712.293 794.086
653.98 30.561
-826.524 338.512
-630.438 -718.776
-352.797 -503.906
-478.429 -528.957
507.513 908.07
-396.108 445.765
-977.129 307.367
385.537 -875.751
-763.55 -386.387
-189.167 5.041
790.237 407.114
-378.044 -765.169
832.261 -409.925
229.251 -561.743
-732.862 -693.629
495.47 211.478
-168.309 98.469
-58.344 75.035
328.189 -563.177
-505.069 509.479
746.27 -836.259
-106.504 407.532
-843.795 128.337
-876.484 95.298
10.974 145.403
-700.295 -343.765
40.683 -767.52
-589.197 166.295
-818.117 20.751
617.384 -93.135
26.496 -86.403
-884.526 -75.243
613.831 446.56
-208.103 632.906
491.609 156.623
-909.42 -310.942
-872.48 988.247
869.166 -861.962
867.551 -936.53
-182.266 537.944
531.655 956.667
291.762 -159.276
985.713 -235.041
739.241 813.535
-248.709 365.461
323.585 78.601
307.068 -304.46
-643.053 74.517
57.685 455.716
-554.62 -993.053
-954.529 -403.274
347.0 88.891
63.867 646.721
-504.976 -307.681
-448.701 874.821
450.048 -774.311
618.956 -161.519
532.107 767.513
-968.708 -587.837
-798.207 -932.847
195.57 406.573
-902.647 481.082
-195.469 -531.321
-565.462 727.46
-887.112 7.792
-421.473 631.573
463.035 -362.193
195.835 345.064
-358.67 -396.471
-713.479 320.425
-557.915 -398.998
-878.085 897.041
759.428 823.155
251.986 -145.599
-8.758 944.58
883.173 342.685
571.609 -362.531
-167.351 -701.565
-247.08 508.832
-52.962 698.682
-398.527 415.154
611.552 829.482
124.772 935.572
114.574 -731.814
-514.283 -593.327
293.412 844.452
694.267 -815.072
449.169 -619.037
-463.077 347.344
205.844 747.241
-623.673 523.393
448.61 117.701
-41.212 738.948
-334.071 914.04
-969.333 874.32
924.155 -765.368
999.144 -42.158
-514.814 208.803
-590.974 830.253
104.159 551.028
-238.677 67.3
-281.481 -476.877
25.633 -5.445
-802.784 962.637
-61.019 679.462
828.661 -258.59
-172.14 125.049
-557.452 -708.155
-478.452 869.517
158.286 -164.844
-695.177 -340.269
-240.32 666.725
-1.397 309.216
369.693 -485.346
643.184 933.017
283.389 -18.809
-663.533 589.951
-661.469 440.627
-23.367 833.799
84.274 283.619
-882.536 -932.352
693.395 890.376
336.431 528.678
-175.216 685.089
-537.133 414.339
-981.717 11.466
-253.599 235.67
333.509 233.039
-33.592 -24.291
-986.775 103.287
-976.298 58.835
-450.519 954.959
-965.715 626.314
348.066 612.335
819.547 -785.967
-807.372 -702.205
-616.136 52.912
630.429 -465.351
-206.207 -253.897
-187.945 130.004
980.466 -548.285
368.083 695.734
307.471 716.438
519.172 -812.999
-241.472 105.403
-887.77 -981.1
-657.233 -0.283
-132.181 568.753
131.713 715.921
-809.276 56.318
-914.896 -577.166
736.234 775.109
-48.999 -906.876
-851.304 851.17
798.623 127.02
-934.196 857.533
-371.031 922.938
174.072 504.509
425.423 -203.408
-846.125 -675.099
-519.056 669.301
-221.687 793.052
-336.54 511.219
-720.099 976.956
448.327 1.586
948.647 -892.607
-125.823 677.349
-318.815 538.011
909.717 -206.594
