8534
6713
3632
374
9712
3463
2342
6587
710
4059
9213
4174
5895
8043
9678
9047
6024
2352
1680
4410
3643
9436
434
4528
1095
6831
4444
278
5406
752
8360
2571
7130
3588
5354
7764
7801
4262
2969
3545
7363
3334
4378
5811
1547
2517
3288
7914
149
4527
2649
5006
9942
1700
7697
1597
4251
8559
4616
1755
4279
6538
681
8592
6189
2556
362
1381
792
6962
8599
3030
1874
6278
9855
5776
4167
9218
2739
8041
5209
7900
5859
6008
3299
4066
63
678
8976
8729
1953
2882
3318
7812
3658
701
9671
8986
5257
5329
3767
9271
2489
9178
2494
8929
6191
7314
9481
8030
5946
7138
2145
9733
8484
4804
7988
6902
4859
2075
3032
8874
4996
4004
2106
7496
5562
2967
3487
1438
433
7549
1005
6908
8894
4876
2789
836
1327
2326
1527
7041
4089
7181
4685
1958
7239
7836
9167
6570
9334
1704
5473
1420
7176
790
7486
8734
5722
5793
9726
1024
6321
7704
8849
2674
8679
7166
1184
1266
1538
8854
6322
8997
3572
1847
1157
4483
9212
7144
9225
2204
8082
3421
7593
3757
1130
6809
9217
8374
7769
8979
7965
1282
5414
4441
4023
7123
7432
3690
6464
4933
4697
5233
1129
4314
6351
6646
3295
25
6309
6792
3338
3897
5879
317
6575
7454
1301
8902
7137
2370
8193
9531
6060
9657
8758
6317
5513
851
7690
8936
6095
7948
3148
2136
9801
1606
9489
8761
7612
7854
7893
2540
9779
2898
2356
2687
6671
1851
2760
9776
8097
2181
7999
5955
1453
9459
8230
2705
2484
1517
1275
5864
4160
7196
7009
3166
5463
2072
7851
2252
7600
5635
9373
6629
4335
9071
778
2777
9043
7737
2927
7708
8380
198
2444
857
9403
2555
4592
957
9042
1611
7365
9720
5110
1980
5069
1513
3484
4073
2563
8615
4998
888
8867
9650
37
7858
605
6880
3982
6467
788
9977
2314
916
760
1941
1194
8335
7863
7865
7228
2273
8386
7374
2088
3602
1999
808
2861
2196
1804
6198
3778
8159
7601
3502
8127
5640
8119
3986
3791
6441
9234
1742
4119
156
4845
9465
8284
2217
1711
8137
2941
3093
5622
516
2980
3688
8558
8606
2724
1996
89
6128
9947
9361
8847
2736
8647
5235
8571
6729
502
5087
9265
1627
5059
6138
3551
7829
9917
1149
5636
1622
867
9353
6261
1386
2989
553
2676
3587
170
6333
5842
6275
6175
3452
1156
6788
2685
6602
6209
9330
3202
766
3866
4259
8614
5389
4819
4846
7423
8773
7336
2904
1971
3719
1573
8013
2657
3059
3856
1365
3345
1933
3403
3130
2401
7943
8955
8076
3039
5502
3661
8042
6259
4552
4070
869
2646
9766
7957
2149
2710
7316
3399
2021
9400
3371
7482
5973
5846
5299
1560
8700
1831
4793
4402
390
961
9230
171
5886
7814
1460
2358
3896
4919
8515
6088
9587
3536
3559
1588
2194
8791
6186
9601
7734
4230
6668
6741
8347
1635
9964
5796
5727
1244
3895
3088
2271
5664
3829
2752
418
8344
4317
9642
1401
665
9550
4163
1778
2894
5380
3550
9859
4179
2864
8349
219
4274
9886
8895
2962
3112
4469
2694
8079
8543
4784
8731
3297
6453
923
7912
1689
3569
5432
2334
2529
5471
8361
9738
6396
8351
6223
4723
5038
6539
7481
1217
1307
4121
3289
9638
400
106
1800
9421
848
9281
9113
6298
1330
2704
367
7020
8293
5816
2905
8289
3681
2632
7514
7290
9468
1920
3120
3526
2365
2521
8980
483
5786
9023
249
5964
1121
6870
5925
5216
6316
2466
9166
1074
2722
2552
4608
5131
5104
9244
2278
7340
1311
5177
5982
5723
46
4125
4324
6823
5409
4930
2892
9272
517
4953
5875
9552
6551
5537
9962
7535
3442
7739
1833
6676
8560
5960
8738
7645
5397
7892
8831
8027
9846
4431
4542
6593
8141
1142
4386
2026
9362
4490
305
6124
5273
4722
9048
6540
5371
7853
4181
9853
1595
8673
5214
9512
7235
1867
7267
2547
4339
7573
9446
4020
470
5806
4193
8756
1816
2902
5542
6650
1881
6089
8681
2999
6549
3853
2826
71
2081
5720
550
9913
7272
881
4611
1621
2080
6358
7665
9216
2083
3641
8310
5045
6041
2667
5352
7400
9486
8686
8392
3644
4051
192
3010
8277
7282
2862
3699
7475
9401
3504
6954
7463
8983
9354
3497
5678
6009
4780
8708
2284
8916
5999
5267
1842
5834
210
4209
7700
5898
8859
2921
8462
9206
339
8247
5390
2832
1650
2055
9549
5169
7698
7097
2749
6550
4257
3375
430
8843
7208
364
7761
9613
5654
3489
7796
3870
592
2932
5945
31
9622
8659
5916
3530
3481
9674
9255
193
8390
8244
6783
6934
7071
5789
8705
566
5442
5570
8092
1028
932
768
2928
5342
7425
2691
2695
8037
7726
7291
8446
2355
8732
2988
3323
4276
8180
3159
3788
4342
1667
2131
268
8100
4195
1254
3171
142
8147
1257
9124
7905
2946
6111
2738
2070
4605
8422
6774
202
8932
206
8612
9072
6988
9974
7024
8228
7942
2492
1836
3574
9002
2235
4822
3412
7827
2142
5241
9542
918
9435
9643
2531
7567
6134
8108
7143
8201
510
8784
2545
419
8652
4006
9841
6057
4432
9995
2120
9647
8034
1410
5666
3533
913
3417
303
876
917
3368
4361
4064
5454
4627
8799
161
586
9752
7416
8138
2214
5115
9163
5648
1519
9322
9456
213
3500
5642
6135
1948
654
8245
8376
3277
4827
7986
5411
1633
5661
539
383
2146
3727
6281
9266
4747
9940
1406
3612
6350
8680
8766
1041
6295
4526
3660
2961
2169
680
2626
3522
9911
8275
9532
1054
2721
4922
1789
521
3716
4587
8268
4557
3462
5176
5368
4220
336
3164
4108
5369
5944
7090
3163
602
8416
6578
5633
1891
5145
8988
1566
7670
5954
3832
5663
7188
9076
1494
9636
7947
1956
7147
5649
3344
2692
6120
8061
2295
7712
6239
1089
7520
8517
7068
6345
7330
382
2379
3079
2506
3929
8263
4601
5482
5527
4349
4539
807
3029
4252
4967
6301
9574
2712
6907
3178
1017
8451
6307
6546
6072
3347
6583
9621
6592
4094
1020
3900
4706
5529
3294
8846
4769
3214
2583
5383
3760
3721
4938
9441
6836
1332
3615
62
6856
7938
1723
3817
4883
4927
4433
1677
1764
9551
4101
9632
8973
7831
472
4025
8
8300
7923
2404
1807
3479
3939
674
10000
6411
688
679
3960
1433
6297
5974
141
1977
6523
9038
3582
4206
1812
9417
487
2286
297
5876
1686
4154
9860
4751
1448
1911
5496
7807
5774
4909
2488
2007
4204
3934
9987
5162
282
5346
4321
7426
2918
863
3081
6472
1043
4655
2714
4712
9328
1968
4267
9539
4732
8834
6675
9529
2248
6332
8511
7833
2481
3808
8853
6202
4172
7830
9997
5566
7412
1554
115
1823
6412
9630
6377
3605
1671
9602
5476
3346
7067
7409
4715
4363
8458
1250
915
2091
4029
8575
4495
7460
4660
5117
9709
6893
6760
221
2554
513
7332
8337
1967
8334
6456
4763
8551
637
4667
4439
4563
6541
8309
5705
8005
52
9813
3267
7798
2979
4897
2073
6035
3768
2300
8892
2867
8224
6613
90
5217
1728
7317
956
1062
250
1206
6007
8719
662
6890
7121
4480
930
1148
8962
4863
5626
9363
562
2668
9768
5187
8464
9402
5495
263
2609
6811
4515
4728
6359
8088
9404
7069
3967
3060
9227
5174
3406
812
4485
7295
2361
4980
575
6604
744
8400
7424
453
3926
2089
7142
4686
3755
6916
2349
8269
2858
6304
6449
948
9652
9881
3011
7115
3185
1232
771
3498
5976
7689
64
9808
8569
2762
5019
8257
5783
6413
2270
5647
20
8036
1567
8272
1496
5378
8999
2648
1228
3751
4872
1799
3512
4870
4331
5833
4237
5837
5822
6099
5616
7721
3364
7264
4147
2122
1770
1462
7170
616
144
1154
8144
8974
7221
9696
2147
1979
6595
9619
6722
8069
4079
3713
4525
7966
9661
5691
2101
5515
2478
6536
5521
2737
7707
7816
6684
1659
1533
8690
4880
6833
1591
2975
6118
8187
172
4850
8050
3873
1691
5234
7444
7233
7120
8536
5251
1135
4309
4779
2433
9480
2788
4857
992
3108
7574
9372
4362
9017
7513
6504
236
7195
5138
6802
5484
3670
7292
2134
8341
9689
5202
1521
9519
4017
6234
5790
5459
4104
6061
6251
1739
6588
56
2814
1722
3637
5118
8204
5245
9810
9857
5731
8305
2099
295
5137
7474
2896
6353
6372
8877
527
8984
650
8813
9027
3836
4931
7989
8957
1639
1007
3068
3846
1715
8368
7397
3773
6248
8459
5286
5464
422
7002
8460
369
1090
2435
3819
9490
6598
4213
4403
3401
2137
8566
3222
3547
6611
9453
4201
7538
1772
1619
7560
6473
7387
5440
1172
6326
6711
340
5307
1323
569
9135
3015
6302
7357
1828
810
4438
2922
9949
3908
1361
3806
183
667
306
1614
1871
7522
944
1552
9277
5052
5077
6012
7722
974
6839
7877
6483
4304
635
9862
2012
856
7879
3538
3542
8802
9357
5
1002
9095
9957
6468
1512
8655
5878
7230
4385
293
8428
8377
5161
2306
9809
625
761
8660
7546
9096
83
7922
8568
1526
4248
3077
4244
9392
9777
2150
8505
4045
5673
7437
4278
2058
3647
8388
7255
2634
9951
7511
8429
1890
9812
5178
5227
6912
4940
3970
5407
6171
1412
902
3669
1304
1022
9180
3933
2923
9444
1145
8478
825
4500
1990
2970
7449
1679
2782
8350
9926
9472
128
189
5149
8237
872
1458
1682
201
931
6755
4818
7280
9598
5866
5809
8632
1511
9205
7435
4054
287
1378
4327
1751
3795
583
613
2427
2414
7886
7615
2372
8966
2605
4404
1192
3133
484
2684
7183
2984
3787
1173
4900
2633
3823
1334
1550
3878
7199
8359
3286
9125
5101
6754
4597
6763
2459
6891
5557
9464
5446
4419
6517
7695
9186
3307
5088
4058
7529
6123
3965
1551
5949
2447
8635
9934
9380
191
2597
9931
5154
8937
3593
9243
4126
3770
4612
1773
6102
4239
6976
5858
2791
1589
3426
5420
3205
2485
7705
6065
3278
6797
3839
2240
2598
1115
6800
9022
914
9826
1435
4473
5972
2226
573
7911
1910
4551
1522
4913
624
5349
5543
1395
7970
6515
5347
3621
7084
3003
7300
9326
2168
1177
4118
5007
1353
1954
9896
806
6242
5039
2680
6674
823
645
4052
174
2403
1060
1652
7720
7469
4320
8112
907
8246
4024
7022
9414
7592
8651
5517
4221
8249
5314
7554
3624
9973
3983
3816
6638
7378
3842
7790
1362
5520
2565
6477
2329
7644
4457
545
7353
5802
1035
8111
7152
8781
4705
7237
4738
4586
3748
9262
9150
900
5788
3092
9961
283
3009
3984
6375
8384
4541
9466
8285
8949
9128
9683
4977
4590
8857
3492
2848
2781
9093
8987
4632
4985
3067
8456
6403
8467
1152
7080
6805
8513
1602
4176
7866
3224
8815
5965
6451
7631
3173
9120
897
9127
3161
3400
6463
1238
7509
9858
3912
2108
8031
548
2159
9483
4347
6922
7713
728
1608
2311
7515
5514
7229
9228
6819
9108
9439
234
882
7198
4198
5538
3342
8994
1832
1981
7154
3062
6801
5937
4171
3642
3814
8918
38
6352
6751
8417
2310
622
8785
8251
2451
207
1008
3931
6420
409
9297
6328
989
5665
2000
5968
6459
6471
8049
7596
3485
1730
6208
9669
1631
4157
1505
3078
1379
3207
854
4364
9101
8562
9258
3478
9306
960
1346
6769
8996
6166
4783
5386
695
9323
1862
5719
450
7804
6426
9612
705
7046
5396
5099
6923
4208
7072
894
7875
7093
2338
2153
5461
9498
4227
5815
8107
9398
5275
7308
7054
131
4860
4301
3292
1994
5493
7908
4291
6176
8944
4446
2057
5002
4578
6926
1916
1253
9721
2092
6284
996
2125
8683
76
3258
2965
9878
5843
5602
1510
4595
8724
3019
885
8264
7163
7867
7155
2185
684
6217
803
7118
7628
7729
2702
7037
4946
8165
4750
1761
41
5894
6157
6407
7088
2603
6920
8839
8715
3356
5823
5112
2889
971
3998
9988
8856
2499
3495
4585
2163
5058
1758
9187
4074
3540
7885
3242
298
3608
3974
429
8056
7059
386
8104
8209
4893
7108
4264
9153
9914
277
5867
9778
8745
4032
4965
6943
9381
1973
7845
3555
7682
7810
3568
9851
3444
9595
9749
2396
8628
8450
1978
1348
5116
1660
6031
8595
8967
8848
2875
9387
8769
9051
6657
7975
4427
321
2785
6280
767
9704
7408
1843
7590
5215
1220
7107
9575
186
7699
4255
736
9270
5583
8760
5685
335
4228
7297
9838
1904
2919
5143
9420
4376
5179
8641
7675
4995
7805
1019
2098
2233
5220
7294
4991
325
8316
7302
2748
5331
4979
636
919
9292
5769
7252
6990
8706
5018
8747
5660
9482
3187
8294
9378
9706
7654
8951
3065
4282
5351
9820
5298
394
6491
2874
1271
9770
2011
8596
494
3996
5610
7868
3333
8639
8365
6192
3563
7889
984
7738
7321
6958
9049
8779
9740
228
9741
9856
7750
8078
530
9107
1856
6628
1350
24
5026
7746
8953
8319
6137
119
630
6733
7403
9115
1615
2395
6489
6167
7594
387
2688
6624
4647
6049
3730
5159
17
5950
5984
5321
8912
2518
4103
7541
384
7825
2771
5103
3094
2964
9004
8616
4464
3794
4219
8161
3575
7684
7604
670
2315
1927
8185
2920
942
2402
609
6785
3507
4203
6114
4570
9123
3583
5426
1283
2118
8068
4765
7231
7568
9894
9514
2885
7788
181
2436
3087
6703
4954
8473
6188
8463
4756
4851
9592
6147
2019
6016
2591
8203
9562
5977
4330
4994
1617
1240
4766
2067
1039
7760
8158
8504
1929
2599
7550
2359
7429
5327
4322
1050
1734
1571
8011
5361
3830
4714
4082
3320
352
6600
4901
9054
6872
2385
4981
1189
3668
6994
1674
4532
3414
7543
4284
6313
847
6086
5601
8711
2305
4810
7997
6696
833
6784
2909
5090
9695
9606
4799
2799
6479
4921
3232
8328
9824
4275
5575
5487
204
3598
1073
813
2502
365
8907
6883
95
8885
8621
8934
1612
746
2743
4196
4002
814
2795
4602
3595
6997
4133
5200
8122
1309
8298
7687
5716
1023
3570
454
2761
2457
7506
2525
8891
7269
558
9016
4852
7991
4745
9160
8073
6338
1724
1442
8990
9451
5060
5924
412
9969
3820
8424
6850
3784
3225
1123
8421
7859
5079
8024
657
9637
8519
9863
2439
1233
1047
5862
33
6126
9189
4417
8529
7104
2408
1267
1576
2264
5032
6734
3600
4664
8471
5417
5258
8795
1487
7653
8727
6632
7177
8102
5759
2576
8019
1535
3123
3561
6497
9477
9764
1673
2784
6277
5264
3281
7606
6028
9021
9304
6258
5295
2394
1349
4359
2699
9748
4456
5451
3881
4071
2378
9596
5156
5477
2339
3753
4414
576
1626
370
2559
8292
4964
1221
6416
344
6651
82
1991
8129
3477
5010
1138
1059
5274
3433
6969
653
7608
7480
1729
4947
8588
9169
3321
1272
1006
114
9723
6534
8880
5903
1663
8156
2463
6918
6967
1176
9278
3450
834
264
6101
4323
1784
9998
3213
985
9200
5173
1493
7126
9103
246
3854
6695
9614
1098
1915
8733
6998
8512
8059
9138
3782
7368
5603
3483
4868
4037
8887
9831
3361
4800
5979
9677
6820
2669
2992
7747
6286
3849
1750
6323
7981
8909
5533
9055
1380
2425
389
6460
9333
4753
5918
8327
5841
7609
9732
4247
2790
8273
309
2036
827
3441
1489
1227
2519
683
1391
2060
9134
7498
5530
3577
2001
7096
2346
5734
1599
3335
6153
3142
5961
6924
8357
84
6265
5252
9168
3001
4150
9577
5203
6486
9990
81
7634
3903
469
3339
4579
6706
3466
4861
962
6919
5075
7386
7588
4173
9280
8657
4218
3634
9866
5710
2561
8415
9310
1429
5359
526
5399
2729
6677
9500
5598
3042
7007
5637
1548
5091
4691
1079
1604
9867
5074
6735
2303
5070
1925
7021
9291
6761
7902
4884
449
5755
9761
9694
8707
1765
9360
9506
1242
8379
4099
2837
148
9063
3031
7421
7884
1844
1572
8871
1763
130
6081
2239
4123
3411
9586
1072
6868
3058
5093
1203
6585
2770
8624
8740
314
7247
5113
6199
3737
626
6983
3861
3822
4772
3026
2041
4095
7202
408
122
7765
2574
6231
8913
9814
3785
501
6728
9788
7222
1143
2095
6247
1657
3056
2744
2930
1640
2638
9528
4791
3580
9653
7256
5594
954
3576
5646
7178
7027
3096
4703
5694
9422
692
6119
2419
8626
7984
4137
2966
349
9471
5606
8770
4260
9393
7473
3150
2972
1506
4489
286
774
4894
4472
7066
2995
3750
3200
4752
6098
6634
1162
6799
474
2023
4529
337
7322
2283
3554
3048
7414
557
8901
5927
4855
507
1288
463
4734
5339
2107
878
1738
5280
7443
4008
6743
8195
8961
4340
5377
9806
7691
6442
8140
405
3113
6992
3170
1155
785
6737
5690
58
8105
406
280
6806
9222
3910
2511
9118
5107
7395
4899
3465
1137
597
9085
3474
7134
2747
5100
3980
6773
6661
2465
4676
7391
43
3833
5291
272
3482
8432
7347
8739
243
3596
2104
2703
135
442
4326
5419
5288
3913
78
319
458
4047
1741
9538
534
4559
514
6026
3168
7440
4319
4144
8714
3380
8175
118
1248
6601
1402
6293
4063
3097
570
5933
2831
1277
1427
1965
6957
8725
6152
313
5744
9848
467
9773
5600
2180
8835
2825
9644
6492
3228
906
8405
634
4350
420
5881
7211
3544
5364
8259
7277
2123
9493
7678
4963
1441
2376
8801
6610
6470
5309
9317
6866
6944
3529
2806
4908
4463
5152
7864
5334
388
751
3468
8905
2105
8479
7271
2170
3196
3104
200
6017
5856
1719
9511
3924
6445
669
3080
4452
6779
8016
5847
599
240
6652
668
7935
72
9286
4080
5015
5042
2844
6645
2810
7591
6662
4353
6062
7826
8089
1482
2454
9409
2020
3250
489
117
1003
3493
5185
3812
5205
1709
7006
5797
3650
6200
1936
2608
9734
7467
4336
631
7457
110
4344
4249
5358
2024
4625
2398
1237
8354
3927
6827
1186
1564
9819
817
7982
6436
6029
9406
2277
6020
9684
8151
4609
8216
28
363
7897
6556
8260
5689
3889
1945
9419
5239
9980
353
9351
2406
9906
1697
3098
1737
3034
671
6428
6094
1703
7116
7752
6794
4973
4637
5770
6184
9332
9157
8492
8759
7266
1582
3137
1752
5561
3128
1629
1479
5778
3676
8764
2479
2471
1302
9930
4254
3365
4958
5392
7261
8589
7442
7724
4787
3209
802
4423
910
5861
7618
5942
5860
2491
226
3183
379
4971
3783
903
9993
7898
6450
1262
3144
8837
6892
5907
7453
1962
5194
6953
4764
8836
1811
2985
6571
8366
2732
5193
5475
3722
3203
7971
2890
5012
5758
8754
2238
9084
6343
5046
9246
1877
8868
6843
7289
103
8819
6727
9639
666
5350
1837
7559
9288
1409
9355
2727
3790
9256
8830
6716
756
8537
4057
5460
6274
3766
1297
3937
8302
8676
661
629
2730
7672
7422
4588
5564
1169
5208
2916
659
7828
8329
6978
7380
9624
8873
194
5092
5966
5128
1984
6579
1065
704
1256
5970
6527
4061
3300
4694
2247
3521
9771
2728
9739
3244
9633
5080
9408
4003
9785
4412
3617
3827
6160
952
91
8567
775
9144
5539
6233
3451
1819
5947
4149
1942
541
2218
2796
7410
1201
6296
9797
2133
837
9516
7953
607
4325
4377
8751
6048
6419
4576
1182
8320
9358
329
358
8014
772
269
3352
7328
6229
2544
1852
6158
2183
3610
8737
2908
6397
9651
5001
5025
4748
3359
1415
8561
4357
224
7338
9263
8935
2063
1096
1445
1313
7920
6781
6915
3354
6576
9599
2377
9959
4046
7766
8790
8338
7098
6139
9900
567
5204
7907
2906
7580
4110
2888
2289
7744
7998
1501
3920
168
3519
4465
5437
1569
3850
4190
1491
5283
9013
5467
3014
3425
8718
5810
9111
9170
6283
3405
9099
2222
8248
7236
1106
3993
1745
9679
4882
5431
8720
2830
1577
6796
2570
4997
6691
2884
3513
6710
1518
8226
758
3851
3337
568
6066
1900
3437
100
7151
4554
2337
1882
7383
6715
5896
8236
9603
7702
3732
2653
3543
9032
3428
544
9883
1666
5367
2840
4397
6859
2288
341
7078
2029
6841
3453
6272
9301
9015
1964
8353
2176
1744
138
2066
7692
3005
4158
9425
5129
1712
8128
5184
7003
3393
911
3657
1779
1341
1016
1011
8586
8556
5360
7955
1144
1896
4115
5408
887
6305
2138
1687
355
941
6830
2368
6292
5899
9220
3255
5165
4959
4879
9149
901
7015
3724
702
1714
9795
5199
456
560
6232
245
4462
3552
132
522
9971
9040
8870
8452
9937
8436
4538
9725
6103
1530
9066
6543
7625
9242
6608
594
1786
7014
1985
4708
9196
302
6963
9728
8470
1690
3022
972
4467
7869
8523
4475
7244
943
6894
8266
5207
815
1717
9467
4091
2428
8162
2955
4297
291
8897
2110
4009
120
8157
8923
721
7800
4620
5591
428
4873
1857
3107
3298
7146
7074
9338
8678
9769
1168
8465
2642
222
9183
7666
655
5653
4926
6474
3457
2807
7603
3263
9368
794
218
5011
6355
2701
5888
3906
9171
6876
5587
4596
4516
1483
4505
392
3941
482
8250
9411
2285
19
8241
9327
7679
4012
5596
5754
4315
2507
7718
7883
8878
8545
5469
2834
7468
715
980
1688
9052
3665
1110
7731
9751
4310
8778
3843
8238
8840
3246
3308
9588
1705
1163
2432
4223
2895
7129
735
30
27
7569
1995
65
7091
6182
5147
2509
3734
8636
5311
410
4974
167
7786
998
1797
7871
6447
1516
9173
7523
8490
9131
579
9979
3607
3618
9390
7972
2430
4739
3131
6116
3249
3427
1318
5508
2236
2360
2803
495
8028
9972
4365
7701
3424
4225
5890
7983
7234
8968
5261
904
6480
8389
2438
6569
468
9508
3349
5614
262
2421
3422
700
2504
9554
8482
9053
3362
7169
9909
8143
7949
8598
6655
2658
2873
7537
8818
2533
7094
7667
3667
7837
580
6410
3678
5525
955
7344
3036
6144
8493
5166
5415
8439
6972
9162
8696
2679
3306
4271
485
9537
176
9447
3227
1384
230
1390
8862
9507
1841
3326
4143
6207
4856
5528
3797
3802
3248
9772
9839
7755
977
6053
8746
5095
7149
6672
574
777
8594
1794
5892
8609
4571
5472
1472
2822
9136
438
3672
3956
4833
1225
5284
7284
1574
6606
8173
724
8896
4569
1188
3140
3115
5579
3446
330
6777
7742
2190
1497
372
7348
8022
227
5511
7980
8658
1366
1471
2193
8101
9102
7919
4180
8631
2824
5098
14
5067
2213
9504
9121
3328
3199
7542
3458
7952
9758
1959
9188
5680
4428
5310
16
5450
3915
9670
8307
2868
621
1092
8326
4261
8532
4
2623
2675
9843
9177
3673
6589
3886
8367
1027
5829
2341
289
9450
143
424
6692
5989
4816
3739
4164
2636
2515
895
6318
8304
2215
590
6018
2016
2644
731
1609
4742
8448
9154
2015
7087
1805
729
1085
3330
1058
247
5717
7494
1568
4159
4811
9133
304
3198
664
1055
1325
3155
3154
4409
5959
2836
8035
9760
1133
4556
4829
8810
4109
4949
5108
9064
4069
1038
755
2850
7778
6392
757
4911
2319
8435
5317
3129
4049
4624
533
6085
3508
5729
5043
2901
499
2614
8426
889
8640
5293
7249
2434
6414
233
6455
2538
7979
140
791
1032
7342
2971
4161
5869
6361
5687
426
2152
6154
9710
8412
279
9470
35
8227
8184
2244
1284
737
9492
2776
1383
9804
6347
9800
4553
2753
5904
8570
9324
2766
5410
1889
8656
9364
2681
1046
4957
3287
7630
4645
5285
5186
9192
2671
6395
9708
6262
9185
3917
1450
4631
2177
5470
7792
169
7361
2798
2172
4788
9253
2780
1565
8786
3266
4549
1183
5998
6764
3565
7258
4843
8323
9250
1598
8278
4668
4562
4360
9172
5455
3082
3885
5962
3968
5119
1951
6680
1901
6064
5243
6708
6557
5290
4803
2631
223
1414
3449
4858
2367
864
686
2612
6169
1803
5510
975
6279
3156
1692
3084
2032
3431
5756
5761
3826
8554
5990
6195
6356
8481
8373
3531
2161
3275
4672
1987
7797
2871
3206
6461
4650
3309
6469
7878
2700
620
5804
2424
9976
9424
9530
457
3037
7876
1053
3514
1128
7688
5967
6044
1033
8535
5697
4127
315
5936
8539
6658
4778
1175
8826
8211
3021
8630
9092
2689
212
5546
693
2369
1939
2578
8637
1067
9067
6864
5536
8495
3070
6373
3781
6366
145
5632
6401
1207
4092
6914
7158
1446
6235
1358
3006
2351
5911
9442
7393
1860
1921
6244
3189
8633
1408
3702
217
2512
8787
6679
3270
2209
6400
5447
640
3871
7680
9958
641
4415
2290
1164
7083
8085
4545
5014
3959
6021
6073
3007
8736
8047
4792
7619
4081
6043
3480
1523
1850
8580
6276
5784
3475
6360
4544
3488
3736
3407
4666
9236
5182
3578
6055
1180
129
588
6418
5880
1029
9007
1264
3418
5792
8933
1542
1140
6084
1421
7510
9267
8604
3327
9339
7285
3230
3537
1928
4366
5126
899
6640
7
436
3025
512
6148
8753
3312
8025
6759
5584
3562
4869
8782
2594
6033
1603
3664
3195
2388
3711
1223
1202
6648
9238
1783
5831
504
6425
2683
4492
891
9223
5768
7384
9570
3648
8890
5379
3793
937
5332
4937
1418
9668
2804
5560
9625
1706
8457
5312
8552
3952
6950
8044
7839
3387
6493
7500
8576
7915
2670
5498
3324
5249
9944
7298
2856
7710
4514
6532
8629
7963
9885
5053
8231
248
7929
3714
2661
2707
9383
3212
2978
2114
1178
8713
5807
6744
3813
4329
3733
797
9553
5449
4653
8893
644
9943
2723
9502
4862
3653
7748
3211
4658
706
5244
6660
868
7039
4448
7941
9517
416
3635
2775
2551
7809
1404
2006
5631
1160
2221
2610
8682
8454
6846
5821
125
938
6270
7324
4368
2234
9524
8233
2615
9920
5868
6514
1643
7616
4440
2558
185
7904
6104
9349
378
3825
7856
9311
8668
9746
6670
8010
4280
3176
3764
300
7656
8032
4564
5920
6720
7706
2543
4290
6904
2787
1559
4982
9399
3954
4537
4146
3636
759
6179
5684
8605
8533
6210
7085
4302
1771
2480
7584
6961
6181
4072
5519
8199
2225
6849
7960
7583
958
1536
3192
1360
6618
8441
5854
2298
1224
543
8118
6141
1707
4993
8287
2453
9296
4835
5300
3789
4513
3774
7263
6435
1113
292
6910
9676
6314
6346
1590
7371
239
3245
8126
9240
6494
51
9129
7881
6778
2522
4639
2085
2308
1649
7817
9075
5381
2735
5992
4630
5743
9302
967
8920
197
969
13
5906
2380
5035
5356
4035
8369
5620
6552
1063
2899
6107
6852
7909
6812
9331
5588
4468
4941
7927
477
4737
1720
4298
8330
4318
2697
9607
6501
9509
6771
2399
532
3501
8584
3105
3020
8103
8004
9264
6379
7301
7784
6446
2330
1322
1461
3416
7597
7557
7464
6090
6730
9193
9560
5848
2860
452
7032
7135
401
7585
6405
2005
8214
651
5196
7676
3718
8611
1777
1949
4043
48
5845
4085
4077
7159
7756
2074
29
5336
4622
964
9975
8664
5819
9680
2524
7036
421
4871
1185
1329
7749
2746
7153
6054
3118
8684
7479
1310
6535
3147
4646
699
2974
5003
936
7563
9581
1344
5791
5097
9686
5795
7064
3717
7951
205
3694
5695
3388
3221
9320
5585
1473
928
4696
6899
8542
3798
1166
5335
4749
2412
7664
1364
3780
5535
2495
7882
3601
9960
4986
9029
4229
7419
5721
7331
5479
4250
2013
348
3743
3700
896
8858
316
4303
4393
6789
2564
3117
5956
3317
7165
2022
6721
9257
6793
3599
5211
7846
1676
6584
1824
9455
2211
123
5628
6194
5499
1584
9865
1127
8691
4951
7004
6150
6955
3841
7030
1099
3905
652
2944
9645
5711
9840
1892
2187
215
1514
9156
875
6964
1245
2243
4906
2486
3369
5260
7216
4673
8644
2602
1509
5746
4367
4566
7254
9485
8077
4820
1190
9984
1108
7789
7795
5582
5676
4435
1136
5430
9476
9145
7959
9130
2560
3494
9556
1970
3419
7106
9062
9274
720
8331
4813
2800
1243
6161
8601
4547
7491
7102
2111
508
2260
9782
1935
2477
2912
2883
7813
4727
7193
3223
6840
2733
4762
9105
5231
326
177
8518
3752
4102
5733
9703
6391
4355
7484
2585
8086
4166
3119
6528
6896
2397
6635
884
6518
5301
7743
546
8153
3809
6211
9938
6936
2327
493
1396
2093
8762
9731
5780
151
1158
8243
4496
8221
4975
9269
1670
7073
9161
8340
6091
187
3860
3687
2500
8771
2813
7890
6178
1210
5057
9384
9523
7117
7161
7770
5434
1913
368
3609
5344
3623
2865
1387
8603
199
2823
5553
1561
2854
9235
5604
3389
7758
5049
4719
4898
3524
2182
587
1986
2018
8755
6183
5345
5779
3239
5036
9827
4582
8507
1105
9534
7834
4111
3265
697
5238
3271
9282
6995
7082
8500
677
2754
8017
1213
7627
2374
9792
5403
6537
7186
8911
6056
6615
414
6594
4955
7438
2678
5343
4628
4424
2616
338
9861
8397
9386
7448
7259
1858
8021
9458
3558
2851
8431
5718
9817
8807
4842
6619
5726
782
6700
4000
7075
7376
8958
633
1782
4662
3276
4674
753
8928
2100
9876
7544
4770
4999
7140
6508
1279
2914
3772
6887
773
6980
6529
8474
7638
7861
7105
9432
178
9635
1760
1818
2461
54
7327
5213
4241
8081
4881
5505
7477
8506
5242
3666
3707
2950
2082
4508
8702
8418
9388
9698
1972
2650
3528
6380
3046
2660
6112
2582
2887
8394
6220
8653
2765
4135
9889
9736
6717
6951
7279
3499
3758
6559
7042
865
3402
4573
5033
8875
4670
6190
4311
9701
1553
3157
4356
1893
7456
796
8029
9745
7728
7696
577
9314
9030
2178
478
8134
6100
6015
9798
498
3835
5253
4026
1710
108
8015
5938
3002
9005
6530
9879
8798
4014
3184
4678
261
809
1570
3977
6325
1656
8514
1464
9179
359
9898
4287
5318
5142
8163
3358
6121
2320
1263
4518
4076
6647
6791
9430
4416
8290
2628
5825
2983
9941
1520
3106
4145
7360
3720
3008
7673
5452
2423
3682
8466
4352
7714
6555
5445
4905
6861
3838
2652
2849
9807
7131
4643
1555
4015
4447
9385
6765
3585
8094
6520
5921
7844
9375
3095
175
1581
3594
2846
4575
2595
7417
9682
1031
8947
4394
8425
2913
490
5323
5572
749
4096
7577
2038
6742
8333
1270
4885
9345
4761
345
74
1992
6999
981
7598
2262
6046
124
9428
8208
1934
8855
8242
8661
7220
6566
8674
3943
2076
1001
6075
5506
346
1300
2647
6663
5567
3874
1708
4270
770
3776
7642
8563
9864
3629
6423
9268
1000
7924
6196
2049
1575
1488
3852
4450
5277
8602
7411
460
8757
658
9008
260
9510
3043
4083
2553
3443
7212
9618
4044
121
9540
6308
1908
68
3592
7996
2206
2312
838
1524
182
9070
6895
1247
159
6408
1539
7652
9747
2230
6266
8796
3731
6542
2373
1120
9705
7993
1541
3383
2203
4358
2333
7605
5024
5714
1963
5123
3459
5276
6562
1808
7303
3193
9921
2048
3234
8218
8393
7978
1545
7334
6553
60
1895
8930
8914
3527
75
2455
5634
4030
7663
4384
3844
2350
2818
1117
4288
1
5827
2487
9585
9640
8710
5840
2523
3620
734
1861
4421
8279
5393
2537
6681
9195
7622
4621
6712
3741
4896
8339
1451
9318
9305
7458
8171
2232
4429
3828
3901
2665
7309
288
235
5700
4316
1076
9850
5133
9559
2328
2027
1879
2535
3194
7954
7857
5064
2151
6034
8220
4293
5884
216
8670
4493
3877
6832
7632
844
3253
7774
1726
7251
2062
9617
1025
190
5526
1371
7109
3689
4268
4809
2976
3645
7730
3240
4960
2192
2387
2596
2569
1870
9756
1328
649
585
3316
8950
5017
5172
3456
2764
6829
1373
1187
5855
6746
6204
9152
3122
6431
3662
3994
6254
6828
6973
2332
1430
4411
5775
4726
1630
9126
7985
994
3374
163
2820
9833
9204
4591
2952
2958
2129
2742
3686
5669
5160
5443
6324
1766
492
1339
811
9927
391
7624
8196
2056
2458
9567
5458
8821
4236
5167
9221
7777
9104
1447
7307
3875
5671
1195
1607
7028
3541
4550
8271
6582
819
1873
4718
6631
4681
9729
8666
9350
5573
2991
8176
3434
1725
3473
4086
6385
2998
2811
5023
5702
2207
1943
9895
4494
7483
2128
5020
9427
2666
826
4760
3109
5736
97
69
2586
8600
4246
987
3746
7681
3226
2845
4117
9307
4430
9415
3467
4307
444
5914
4725
1820
6269
8697
4188
6495
4021
2251
8879
6331
2584
7063
3041
9315
347
8528
9685
5029
4036
643
7579
5612
1278
2917
9593
8166
1662
1878
7820
2175
1983
8207
7157
4088
9714
1498
6885
4700
1791
2897
6255
3904
1463
9786
623
2802
9284
6498
9083
6818
5785
6509
4389
7661
9413
3379
2587
1884
1806
5787
3135
7962
7058
953
8553
6897
6909
3775
3759
2783
1993
3962
4614
3090
3628
2050
9365
4407
9887
6882
959
9954
2411
4122
593
4577
8723
4148
6960
1434
7617
6683
4710
3310
3726
6736
8638
6666
2266
2847
2852
8398
5590
2331
5926
739
563
9611
7936
6725
9753
8866
3238
5486
2893
3273
2261
712
5749
3
6452
1960
2947
296
5522
8274
5040
1898
7717
4183
8427
276
1596
6219
4245
8324
6560
88
3597
4050
6617
1436
471
4895
7880
4269
8780
5030
3283
3149
6682
6838
656
3038
7341
2156
525
723
7065
4918
3864
6511
9566
44
8136
3188
1317
427
5824
4511
2773
7528
6290
1757
822
1326
9631
6665
976
8820
6264
9006
8000
8254
2513
2079
3963
4546
4581
3033
1465
3953
4568
9759
8345
1669
7050
5576
2258
5013
2996
4626
9397
4392
2141
2078
4796
6052
3491
1268
874
9594
9610
8884
1683
6367
3073
5624
8258
966
8299
8098
59
45
9474
2112
3348
4455
9932
2321
9283
8777
8270
2086
5885
9681
801
4720
4826
9743
3124
5764
1880
8455
9151
356
3035
3447
6702
3535
7318
5559
10
4418
4944
1068
6125
9303
8123
9564
7518
4354
320
8671
5037
9775
6206
789
4961
9329
8501
6835
4132
6216
8071
136
890
7398
3158
3099
9673
564
4839
4887
7832
9376
5617
1374
2167
7780
5404
9641
8774
8188
1170
8406
8776
8052
1398
9950
3862
5983
3680
1775
7114
2323
5422
5857
5224
7381
4910
3322
6159
1475
2116
7242
9757
1204
4689
322
4200
5158
1104
1320
4853
4699
1048
354
8919
184
9722
8572
8540
6475
6040
7466
3923
9110
9044
6067
2706
8926
9877
7141
7323
4932
2968
1290
8189
1231
1733
2301
5272
8845
7783
1885
1357
3604
1139
4112
55
6563
3950
3989
8276
2891
3325
4231
1826
7662
2061
4233
9211
8472
4815
2993
3101
7926
3086
7552
9391
4460
8192
7125
7101
6340
4272
5766
8008
2655
5313
9077
7599
8133
3848
7906
2960
4243
6886
5478
351
1918
7132
9888
515
1899
6714
7364
332
7388
9073
1198
5900
4636
4640
1468
1305
3656
1150
4212
1359
5605
8371
1957
5429
9356
7086
2981
3251
9026
4182
9667
3807
8809
2384
7504
6756
3216
2997
8084
5357
3868
4422
4453
6749
4519
301
1743
8805
3319
8864
4767
256
5175
4155
153
618
627
6669
7128
8485
4413
6901
8253
7150
4970
8217
1440
892
4520
3990
6865
6193
8730
8578
3932
7733
9660
6977
2945
2267
3573
5250
5835
1815
2017
2566
40
6701
3509
6004
2986
7775
7439
1249
8232
8852
9541
9475
8763
2690
3692
3981
6108
6149
572
5076
9767
820
6547
6804
5500
1051
2926
7447
7319
4757
1618
6979
9148
552
6544
2382
9275
7172
7524
3779
9119
446
4648
5497
1486
939
9902
6597
8623
1809
1508
6131
7650
4199
7512
3381
9568
7019
1721
2497
8525
4486
4401
8288
4888
8546
42
343
6306
1159
4548
6252
92
8183
5308
5549
2442
9735
8924
2417
9783
8420
8091
7275
4371
1281
8206
253
5413
3237
8888
6987
8325
709
4969
2469
5619
2375
870
4120
2931
7335
7677
8728
4798
9011
5066
7732
6424
49
9665
8876
7723
3191
139
7553
3548
3314
5163
3696
9412
3340
6768
9830
4711
578
8931
9799
1459
6362
601
717
8212
7359
6329
3762
8564
8797
8800
591
5297
3566
5757
8437
9546
7657
9805
5615
1747
5157
5492
1727
9823
5136
6845
4369
4408
1372
787
9109
6140
2625
1578
6884
2429
7646
3988
6077
4168
4214
3072
4235
8993
8265
5931
4426
2102
9526
929
7133
2630
8090
7887
1998
5089
7311
5262
6817
3651
2835
5480
9232
6877
5320
4599
3891
7992
6434
8899
2405
7167
7190
2719
6507
9924
1813
2863
7508
6381
4400
4449
3408
6478
4139
559
9194
1507
9780
4305
2604
5798
7894
2934
7860
7945
4019
2468
6609
5044
9058
417
4890
7768
9210
328
1269
5814
3821
2708
9787
9707
7418
6205
1066
2165
4560
2287
3511
333
3091
978
4210
8804
6939
8538
611
5593
7352
3677
8742
1586
5939
1610
7570
6050
9527
4821
7773
5306
6947
6928
5192
7225
6974
9561
1664
2059
6975
107
8387
4524
6516
5613
3413
7136
8960
385
8053
5677
2357
5703
4186
9137
3186
4598
9590
9396
6633
4603
6058
5534
5048
8775
6349
8516
265
4434
8942
1672
7471
5658
509
1200
2053
9445
8689
7209
6146
2188
1638
464
5491
435
1191
8649
208
9377
4283
6545
9793
2343
4374
7635
8842
3420
5818
5466
4675
4775
3936
6369
2886
8765
6240
2641
5218
5688
4445
4128
1457
8945
5820
1087
5509
9184
7976
8113
5853
5114
7257
1646
1781
5183
4535
6037
5832
2572
4488
7818
7092
4197
6132
5735
4936
3382
1132
1093
3710
2410
2809
3260
2242
7561
6246
5674
6565
7099
3152
4130
7736
4966
8321
5387
3174
849
1052
5985
1423
8695
5668
1452
6370
3957
4794
8281
4533
398
6032
4345
36
7470
8709
4131
4828
5395
3747
3691
1010
4824
5507
5188
381
9582
7077
883
7204
5872
7305
3745
1767
7174
7589
1537
1605
5005
2084
877
6723
5912
6083
5873
1151
4034
7987
8145
8833
9659
3063
4277
4487
2392
8146
2910
2797
18
9337
5398
8917
799
935
3708
5865
6363
9790
5871
7011
8688
5078
8261
4589
8202
3723
1827
445
2977
2793
8487
5501
8058
1695
4607
4165
2496
9208
5072
9098
9106
2
9233
9672
294
3378
6813
841
146
9892
6105
7534
8198
9090
3663
4084
6693
3671
4695
3639
7428
9901
1926
3304
3102
6417
4510
1825
4153
413
2279
2711
1974
9389
9241
6156
8812
9675
9068
3845
4142
1286
5271
96
7928
5021
6775
7478
3153
5255
5541
5438
2833
3948
2037
9229
7540
3546
8182
7005
5740
5639
6871
4253
2772
5488
1835
4629
5930
8132
6092
9340
4300
9718
9488
7043
2575
5366
2144
8114
7716
3611
3370
926
8174
3958
7531
7659
5608
237
7283
8557
6383
9057
5008
1485
7245
5558
4661
7201
8480
3409
850
1306
481
5951
6981
1086
927
1367
8051
3455
3918
8343
8850
2227
6931
3279
3284
9515
1499
7427
9981
762
6006
2198
5094
3586
7420
8315
1397
8828
5435
8382
80
376
8067
779
950
6051
3490
2562
5545
7779
2381
324
1432
818
9854
8496
7017
2426
9312
1894
5279
2097
7191
7401
8788
7207
4192
6386
738
1222
4048
5481
8748
905
730
5503
8581
23
1922
2709
3938
5638
1702
7815
4491
323
1314
9548
3357
7385
2933
1653
8622
7787
6374
1637
7012
9816
4078
871
6429
934
8906
6745
9448
5889
9579
860
3432
8003
7611
8378
7694
2212
6649
8527
7023
5421
7903
2467
8982
7525
5618
5696
7189
1255
7873
9923
2071
8099
1013
9905
3640
6968
949
5651
396
162
7197
7060
8311
393
7916
399
8972
4381
6319
2096
5246
9050
7010
6490
5330
6937
3004
7967
1385
4134
4831
7346
6014
1731
1075
8408
1838
7763
157
9825
1351
6821
8179
2943
4016
8952
1097
9535
9847
6989
4294
4886
4263
9484
3735
2383
2443
375
535
1369
9871
4823
8423
3143
8969
1057
2557
6906
7313
7124
2039
6010
5134
34
9479
147
1562
8971
6201
2640
116
3057
5986
7459
4373
310
6707
3141
3911
3515
6945
8522
5190
3553
5034
1061
722
6388
6256
6433
4011
1298
6263
9410
9494
7709
6236
1716
9903
3704
39
476
5198
2568
1449
5170
2725
3995
663
7946
1478
5863
2592
1174
3749
4665
7668
8531
1641
1126
1236
443
3385
8672
7655
3127
9891
9091
4100
1594
9818
584
5085
4754
4781
8370
440
3855
965
3800
2409
4797
2135
3045
2715
6457
3445
2516
6097
1830
8401
9100
8115
5362
2750
5569
8468
6250
4580
6622
9449
6903
6959
1049
3857
800
2407
1484
4574
5388
9948
2460
9308
2937
5504
3898
7145
5230
8549
7526
9347
7446
5952
2812
1556
6685
7013
5801
4777
7745
8978
3181
3315
3429
2126
7930
4075
8040
209
9321
7969
5577
2619
9224
8904
7950
6636
6573
6599
466
1969
6271
9293
1229
1544
2448
5337
7562
9852
7215
7956
2664
7870
2265
9557
523
3947
7250
5607
2446
2316
4990
4865
6874
4600
8252
7621
4191
61
9024
4789
3254
5109
6753
4266
9945
2476
3824
1788
2065
3761
2857
9503
3472
9209
5266
5812
5839
8046
6596
4984
9737
1834
7990
9294
4925
1419
6889
1084
3884
8297
5589
6288
6393
7217
4205
3355
5338
2205
1694
5552
1845
5304
1814
1756
6389
9912
1335
7939
3167
225
2336
7578
5644
8767
9985
2119
6863
1340
2821
2866
8717
9287
3888
1455
3655
9089
4005
6991
1982
251
8494
1015
5206
3252
4138
3803
6747
3018
8060
1632
7343
9405
9289
8075
271
2044
473
6857
1645
6824
1580
7396
238
4659
4295
6394
1112
3305
4152
5813
2549
538
8064
8414
4222
9069
6726
8291
4232
6222
8963
6070
3336
8497
1732
8803
1540
8925
5289
4956
3415
7296
2208
2629
8954
9197
9755
6093
2462
8322
8573
805
5611
5704
4028
6905
2297
2548
2483
6502
6697
2768
166
7637
8430
3893
6110
404
9014
7944
2716
3243
318
8404
5683
5578
9842
5065
1179
3302
2257
1411
307
3876
4989
4687
8442
9059
7462
2164
3367
7112
4388
2344
8178
7329
6387
9159
7595
7507
6213
8383
4817
4642
1215
9992
3396
922
9628
6404
7100
9533
5105
5738
6444
102
3754
8062
8948
9518
2672
4523
3256
4558
3180
713
549
6614
5957
2620
9462
4875
6834
8372
5139
6739
1655
3567
7489
9491
3469
7501
9290
8555
6623
8106
1370
1417
9369
6203
986
1208
5082
5551
9036
6558
4234
4680
4114
285
5852
6996
3235
647
7555
3902
1931
8191
3890
5629
4387
3430
4281
6705
3172
8744
7465
4536
1864
9730
6197
7241
4436
6621
2817
5474
703
793
5468
5706
6163
1239
505
4623
2201
6858
1854
2158
3810
3603
2157
366
3652
1529
3027
3125
3040
8650
3175
4458
5259
747
7581
5416
4007
3858
3257
6430
8475
947
6913
3880
672
8433
8399
1400
9897
211
8582
1636
3935
4917
9711
5424
6750
8772
9285
3503
32
9663
447
1259
4022
6881
4503
4684
3219
407
786
1946
2437
9874
8789
2174
4425
7842
5915
4540
8210
3353
1557
7937
7276
9065
439
1287
3557
4976
1352
5355
9352
254
7333
3955
8811
4867
2769
7647
4482
7517
5997
1319
3076
1394
2801
608
9478
2140
9056
165
2416
274
6929
8358
604
9873
1333
1848
5630
6212
5333
8927
7079
6462
3928
6790
831
3075
4474
9890
3103
7224
4040
3392
1363
3438
9219
3590
7921
395
11
5902
886
7310
9141
2872
556
5679
2045
1718
2173
94
3659
2751
5975
5236
5489
8550
7495
9299
7253
5212
1376
2618
2842
1950
9000
9700
9426
1153
9045
853
4633
5240
1810
5009
6626
2607
9344
1492
8607
4649
6315
6970
3208
4693
5751
15
5971
1456
1044
2413
8070
9207
9215
3100
1437
6673
4825
5453
7719
2924
6448
5028
7288
5682
4604
9690
1428
2600
5319
3992
9181
6487
9035
6000
1291
1118
2643
8065
2758
828
4801
3241
5425
5772
9261
595
2990
7051
4312
7402
909
6344
1161
7572
4806
9936
180
488
2651
7113
6917
6574
1454
9963
2792
1069
9028
1651
7476
2718
8186
3916
4313
164
1793
4929
1906
461
740
8959
4018
8829
9829
8521
4033
9899
6639
8083
1543
4613
8155
4618
4651
8869
5739
5763
232
9438
2940
8922
7660
6605
9849
4854
1938
1443
1424
6925
6875
2907
7436
9079
7840
4717
1798
6260
459
6038
8303
6688
4372
2184
1976
9457
2031
821
1308
1907
4785
6282
2929
4338
7753
6625
480
2302
6378
6642
7339
8882
1795
4892
2613
214
1474
2216
3182
2635
4116
4634
2819
3971
6402
4461
3930
2942
5844
6406
3134
160
9872
4454
6572
5168
2042
4308
6531
8908
5265
9999
8385
7896
7751
2292
719
500
3925
4512
8219
3376
4087
9789
9003
2014
5055
9460
5031
284
8583
9935
3654
7648
8579
1534
7441
8860
2900
7899
3496
5597
8002
242
7782
3236
5935
9423
3549
7767
1377
415
3777
9803
1004
2717
9580
6795
6941
7415
9967
1056
6630
3633
5292
7394
1620
8213
179
615
6659
7516
2121
4802
4771
689
5282
5164
5623
3050
3282
6748
9366
7620
1821
9313
6803
9837
98
995
9629
7925
6586
835
3786
776
2047
4507
6129
4555
3705
7001
9335
255
1425
6719
9699
2449
9982
402
4207
9190
2915
9416
5826
8488
9146
2686
7018
6848
9140
331
4943
5709
9298
6770
2493
9316
6616
1292
741
9697
9165
8461
3796
8375
9319
1701
9880
2936
8476
990
3331
2573
9791
3683
1347
866
1274
893
4790
6310
6390
1116
1661
8872
1914
2228
3709
2606
2673
6025
6815
5741
3220
9565
8346
9174
6971
2139
2390
1940
1071
5427
3564
9226
4652
4849
8863
3231
9994
5221
1094
4141
9342
9176
696
7932
8120
3052
7337
5742
3384
4258
6927
7351
1897
7548
9916
8142
8503
8486
1167
491
4031
3440
1952
4341
9247
852
2520
5958
6047
9254
8643
5385
6218
12
9501
79
8135
5681
6878
5210
8940
4437
1909
196
3360
7639
53
9875
2009
6521
8965
9662
7377
6001
8498
6357
9019
4042
9918
3017
3801
1988
5102
6059
2490
6427
4619
2389
1644
8306
66
3742
4531
708
9260
2546
6921
9487
2313
8168
3811
7185
565
3285
7754
4226
6590
1829
1470
432
7389
5516
4113
7822
3055
4683
9744
6767
9836
2621
5901
7503
3410
2034
2637
1840
3436
5372
7824
5850
8995
6580
4530
290
7025
7629
1467
9231
9572
3138
9139
3865
8087
2004
9658
7070
7035
361
22
4169
6069
8223
8662
5922
5523
4702
9536
9688
6336
2090
9563
8669
7806
4644
7040
7918
455
9955
4185
8970
8827
632
8941
4724
5836
2155
524
4292
2229
7961
6612
2745
241
9214
6320
968
7262
6005
9259
9569
6399
9910
8170
8054
1368
2124
5905
6738
6415
4238
4285
2841
7808
4067
1343
93
8169
9796
5800
104
979
9182
6068
5391
6076
8998
2534
451
4988
5016
3715
951
8699
7575
707
9692
9664
1955
9348
7811
5980
8574
5724
2541
542
5269
5580
5324
6837
6253
5197
4805
3201
2677
4395
1273
6620
1665
7545
4189
8645
9440
685
9359
1251
7977
4405
4396
5248
8055
3296
5750
3470
3404
8824
4105
5838
5150
2347
9276
3261
6466
7772
496
7558
327
1768
9431
113
554
4812
137
598
6311
7819
8823
9922
1416
5595
9626
2994
3448
4657
6873
7052
3169
1082
2593
7651
2959
99
7281
4328
582
4866
5228
4093
1975
924
3162
8793
1961
7821
8548
9919
6421
448
5294
8964
3210
9374
1546
4175
4972
4242
1684
9499
7175
5394
8125
6946
220
5657
9037
6382
2335
4978
5908
4916
8685
4534
2033
691
5281
2269
2030
1146
6481
2577
3518
7891
2880
9443
8391
4830
1009
6165
1147
824
9762
9754
1780
7045
3625
5625
5047
3373
7536
1241
8348
5146
8469
5919
2877
3606
9143
8066
5000
70
4615
4346
561
1171
5548
5256
1091
8063
6170
6664
6337
3136
1124
2452
7218
3012
2567
846
840
6603
5987
732
3139
1876
581
3914
1083
5686
3460
7048
8752
6694
2815
5699
67
77
3646
5571
4256
1853
4864
8167
639
9341
1749
9
780
5765
748
5370
3517
1919
6187
5730
5948
2503
5125
3247
9201
1356
8449
7404
8413
3047
676
2052
2953
5363
765
2245
7182
7641
7164
1303
2473
5325
7227
1081
7450
5641
9437
3505
8403
6
3740
3616
8547
7026
7614
8814
9724
8524
6855
9463
9584
9634
377
397
8677
5592
7325
9573
6458
3976
6984
9583
1070
4735
4484
2767
2324
9933
2645
2200
4053
8355
6758
8296
7931
1785
3259
4379
6519
519
6965
2935
5713
5441
5201
3756
7964
5988
764
6003
6940
6342
7119
21
4768
2682
3999
7785
3725
3024
7187
7671
5692
2280
9370
4224
3301
8520
6299
7210
6510
5191
9433
3703
3074
3394
5144
2202
5181
4731
1165
8704
3218
5540
6911
8440
2028
6787
2639
5828
1199
2046
1088
7095
5747
1040
8991
7103
2272
8131
8491
7527
8295
6437
6145
7888
1111
781
6678
5565
7375
8074
4215
7029
9763
2191
4692
4741
4795
5303
2759
4606
5748
973
3391
3386
2282
2720
7016
5745
3439
3883
8806
7194
1426
5712
4306
9505
529
4878
8721
1678
6966
3581
7232
682
6011
4390
8280
1855
8116
7493
2756
4730
3684
4504
536
4786
3614
506
8530
2741
8007
9239
9088
8057
8381
8110
6291
3197
2237
7940
158
5883
879
7390
5155
3066
2299
4733
8023
2734
2839
7974
9198
6932
6287
2259
6853
6365
2317
9309
3000
1917
5004
3909
1932
5132
9031
9461
9094
2827
8419
9522
5701
1872
6432
9835
5135
8020
4299
1868
7497
3229
5341
5994
3064
1668
1026
4561
3372
3520
73
6371
7038
7366
9543
479
6482
7081
3054
3023
9576
3799
7571
6986
5423
2624
9781
3997
2693
8363
9452
371
1886
733
4920
1101
5226
7413
7179
1600
7802
5707
9097
3390
7461
5621
5111
5708
2322
1902
1407
9715
4841
1713
7910
403
5652
2470
8200
8663
6409
6130
7304
8687
9382
4240
8617
173
1736
7053
5433
6548
726
9970
5817
9061
1792
1393
8816
603
6854
8301
9654
7852
7358
1212
6177
6933
2526
4140
3966
9117
2281
8597
6704
1134
4774
7184
3435
7564
441
2948
3274
1866
5981
6438
4593
6162
5340
3972
8045
4776
9074
9655
2911
5148
7849
3291
9649
4923
2231
9252
5485
7213
5400
6225
5444
6484
111
4992
2220
1753
7502
3204
8124
4041
4124
5917
8510
9087
8981
6900
4522
7122
2740
1037
8608
8080
4398
4934
4406
2275
2778
6238
2779
3978
1388
6354
9719
4782
203
6312
5316
1525
5799
1469
9164
1693
6686
8396
7354
7062
3071
1431
2171
1675
4420
5897
7287
5051
86
1500
1746
5910
9983
6384
9429
6226
9112
4391
1345
9020
4038
4840
1405
6228
3044
9702
6151
5830
3738
8039
9497
4479
486
5348
6500
5581
1246
3804
7162
1601
880
5667
8205
1285
2293
6289
5436
6376
3940
2662
4904
1261
6526
2363
9794
8712
5153
2939
540
4594
1219
763
4442
7791
3464
3765
698
8832
8977
7110
9336
1355
2808
155
9965
7799
8646
6214
6641
9454
8749
1321
9175
3701
3985
7521
6653
6113
8910
6503
4380
5808
4136
3145
8667
2440
1579
1754
2938
7055
8229
281
4698
4502
275
195
6740
109
258
7994
9925
991
9010
7472
8286
3584
150
2475
1114
3792
8886
6757
105
795
1218
555
963
3016
8001
2294
2774
5771
2757
7551
8038
8006
4217
5531
8181
4027
6224
3769
5405
3215
2498
4837
6842
8903
266
2391
3626
750
6782
5127
6074
3329
5247
9991
1616
7636
8148
8402
5893
8817
9616
5887
7640
6237
4638
5270
3922
6499
3351
3975
7847
1923
3114
3471
9996
4968
5456
3423
7855
3556
3083
1193
648
6180
4399
845
3121
1515
6080
7370
1296
8889
3332
4178
3979
6364
2197
8975
6762
945
7587
2366
4928
3693
3949
7759
3013
6168
4914
2445
6689
6822
5223
8593
6245
5643
769
8121
7000
2870
999
4509
4924
6776
3622
8541
9656
4945
3882
5254
5225
3837
4740
8256
2296
925
9821
3840
7192
6591
725
4010
9041
7315
551
1654
1103
3377
3944
257
6869
528
1849
3089
4517
2542
5672
7547
4056
3763
6215
8716
6949
7586
8861
373
57
3649
2087
8665
6440
2925
1944
5698
2179
1315
6155
6185
7349
6267
6136
6888
2219
2949
6699
9513
520
7735
1131
988
1045
9473
6942
9001
1197
3571
50
4170
6488
357
5050
7576
946
9929
6807
8410
2162
7430
912
7299
8362
1490
8009
3366
1905
7240
8526
9604
9882
2456
3313
9046
1012
1839
1280
5928
8654
8822
8943
1342
4055
3579
7715
6814
6122
7455
2510
7835
2189
3591
3619
6022
8841
1924
5096
8234
6643
9060
5027
7626
1937
1018
9547
5891
4286
188
4948
9693
4375
7320
3859
6285
4273
112
4065
5302
8881
2304
3028
1563
6568
1422
9245
8443
7008
6644
2876
3165
4834
5524
231
3051
4216
7519
8989
5418
1846
3160
4471
7669
9018
2199
8093
8591
7445
4663
5490
1759
4889
152
614
9605
3053
8117
6505
596
2881
6847
9295
612
8768
9946
1466
970
4677
9248
4707
3268
7823
7794
6667
2588
85
2253
1648
7740
5412
6772
1642
861
3815
3698
8701
832
3973
3921
1790
2250
4451
4443
8825
3311
3506
7850
4202
7248
5675
1295
9687
690
4759
9545
5655
9868
6221
8900
9343
4716
4481
5715
7862
9147
8012
3397
4736
4877
3685
4891
4572
4039
3151
7933
4332
5805
5609
8735
7532
2838
5141
6174
8610
7838
5326
3398
8499
2263
1021
7727
9884
6724
3341
6766
2482
6862
5140
7226
311
3126
1801
518
3969
2422
9597
8590
2794
7872
842
3729
4351
7776
9379
5041
6825
1796
5428
6036
273
7781
4912
8026
8722
8352
8312
5512
4903
6439
2663
5219
5374
9845
8447
2441
7488
8509
7762
9558
2246
638
9844
660
8194
6577
8342
3262
2364
5991
5556
6115
6454
1585
2109
1947
4583
9009
7379
8262
6330
9742
4729
5940
3190
839
6564
742
5996
6607
9870
4334
2195
7061
1762
134
8794
4682
7711
8109
4610
9802
798
5782
9774
3945
7492
8282
6443
1476
380
8149
5056
8172
7649
8434
8164
2611
3111
5124
5365
2617
4068
6851
6294
4755
830
1587
2309
4062
7367
4383
2008
7643
3961
5229
1740
8438
9822
2143
9716
5659
5232
5122
2354
5574
3343
7610
7934
6810
7203
2590
982
1196
9717
4874
6654
4013
7913
9928
4746
8939
8160
497
9325
3454
4337
9615
1331
465
675
5532
2805
2527
2763
8235
1531
8741
9525
2051
4497
9025
3217
4106
1293
4654
8502
5670
3695
5287
2654
2698
4983
2508
8489
2035
908
8239
7089
2115
2982
9033
2103
5645
8477
7633
7373
9520
5195
2054
1209
6709
9691
8613
7843
9811
5068
1078
1413
2127
9039
7658
6045
9078
5913
9666
8095
3879
2276
3293
1989
3674
8336
5923
2853
2581
4915
4758
8883
9012
1064
5693
5237
1439
7293
2829
7407
1214
2224
2010
3280
8048
4679
3516
7312
4265
4289
1930
6341
8483
8177
3049
425
1859
4090
4567
5151
6522
6013
8675
2256
1260
7274
6096
6078
7372
2514
531
6273
5934
6002
3867
1102
2069
571
7180
2340
9750
2622
8407
5953
6656
1230
940
4499
7127
5777
9589
7326
5760
7273
2731
6982
7306
5022
4844
5373
1312
9394
5263
4814
8938
2957
9600
9952
6956
1354
4370
8508
9815
8152
8130
3061
5555
6335
7205
6554
7160
6030
2040
4477
5439
784
5849
4688
3132
600
4151
7757
8898
6525
8445
5081
5171
687
3269
718
3303
4808
606
7499
1034
2210
2987
7841
7613
9953
9989
8946
9907
727
2186
5448
1699
3951
5650
1107
5851
267
4156
6117
6339
714
7703
6398
334
9080
8317
9521
8915
8619
1109
5909
8577
1403
3069
6826
3942
5781
26
7033
4773
2353
3964
8444
270
8783
8190
9620
1030
7490
9646
3907
783
1997
4935
3894
4721
1822
6935
8648
8992
2450
3534
9544
312
1299
87
7350
7686
2274
7741
4701
628
2255
2393
5494
1624
5222
462
3679
6143
1338
6327
3863
6127
8225
6496
873
9828
437
5728
7392
3638
1503
7168
2415
8411
7362
4470
2627
1375
4671
2043
8453
1681
9086
6082
7874
855
4097
2268
3272
2656
6860
8642
8240
6257
4617
7565
7219
9346
6027
3179
7685
5071
3919
8750
3834
7356
4669
7278
3892
5969
6732
716
7171
2713
2963
2659
2528
6173
2148
5518
619
8627
8844
8318
1658
4847
1265
2539
2254
3712
3146
7968
5599
3510
2954
5061
5941
299
9571
8332
6938
1532
8625
2094
5382
6172
9158
5073
1389
2113
6422
5083
5732
2318
1336
5462
2464
4129
4656
6334
9142
1549
5402
1080
5483
858
5544
6698
6348
4635
6109
5963
2601
8565
8587
7200
7173
4060
642
2828
8267
1382
5627
1696
7382
1014
2472
8215
7793
5268
3085
9367
7369
673
9082
7582
6300
8308
9869
1258
4704
6042
933
617
7405
7566
5086
1216
8313
5767
921
4501
4962
7246
7683
1119
7206
2474
5180
5296
9249
7355
9495
9237
7602
8096
2903
1235
2505
2843
3233
4194
2400
1685
3872
2420
5753
5725
3177
8356
8694
1869
8364
1252
2755
5457
3631
5563
5084
9915
1289
8585
6561
7139
3987
1735
7156
1444
5929
7539
2816
5322
342
6637
1888
4744
6844
6627
9395
7034
9434
5130
1276
7533
308
7148
694
6506
1181
5803
9155
8197
9908
8726
6230
2117
2879
7056
8150
127
1966
5376
4743
4187
2249
3461
4939
3350
126
898
6476
3613
745
5054
8634
7973
4641
1817
7044
5656
1865
8395
3532
4476
6786
7243
7958
6948
7260
4459
1337
816
2580
2550
862
1392
9300
9966
5106
6063
2579
5586
9834
6879
6164
3525
8692
1504
503
2325
1141
6567
9279
2348
2973
101
5752
5568
5063
4478
2956
9968
4382
431
9122
9191
7031
3706
9407
4565
1883
6023
9114
5737
1774
3675
7901
2536
3486
8314
9469
1698
5762
5120
9939
843
6930
5794
6731
2003
5401
9203
9202
9609
983
9116
2132
6106
1583
7076
1528
1399
1495
1100
7771
2501
6133
4177
9713
6993
5121
1558
6816
6533
7431
5554
6780
3744
7399
7047
3523
9034
1875
1625
7049
8283
7434
4832
8693
6241
5328
8985
9591
4506
2068
1077
2431
5278
1324
1205
7268
8033
1769
6985
6581
7848
997
511
7505
4942
8544
711
3630
8255
7406
1787
9727
8409
5932
7345
7803
1042
1863
8620
6898
2077
859
4348
2855
259
5305
9648
3899
5870
244
2160
423
1802
2859
9904
9832
2130
2371
4543
47
9765
2418
9986
3818
3539
9608
3395
9081
1125
3363
9251
2064
3991
5465
829
350
9784
3476
1502
7451
2002
3110
4521
6524
993
5877
8921
6019
1628
5943
3869
7286
7265
3560
6071
537
4584
6687
8018
1623
6798
2532
9623
6867
8851
6079
7433
6368
2223
8808
9978
1593
1903
8072
4987
610
743
2291
1912
6690
4952
7607
1036
3627
5375
9199
411
7725
3831
1776
6087
6243
9578
4296
6039
7452
2025
8792
4333
229
6465
1480
5993
9132
6512
3697
2307
1234
7674
1887
5550
9893
7895
4211
2696
4466
8222
8698
5995
8838
2166
3290
2878
6808
5353
4836
1477
2154
5978
9496
547
7223
5062
646
1592
2241
4107
3116
3589
5773
3771
4690
8139
804
9956
133
4498
6485
360
4838
4848
9418
5882
9371
6249
3887
1748
7917
6303
3264
4950
7485
4098
6952
4902
9627
5662
7238
1211
2589
8956
4713
7623
154
4184
7530
4162
7556
3805
2345
9555
8154
3946
6268
1294
2869
2786
2951
9273
6752
8703
4001
2386
7057
6142
5874
4807
920
5315
754
475
4907
2726
7270
1647
1613
7111
1481
3728
4709
3847
1122
589
8865
7995
5189
6227
8743
5384
1316
6513
5547
4343
7693
1226
2530
6718
2362
252
7487
8618
1634
7214
