450
461
859
402
957
47
51
663
679
232
207
396
211
619
99
38
549
28
490
5
18
390
497
629
608
296
829
604
615
353
801
13
161
876
92
120
486
80
589
262
979
602
656
828
285
158
923
893
329
108
776
242
201
775
338
955
724
496
894
203
966
687
165
646
738
494
24
693
537
67
782
23
953
869
896
694
176
778
221
931
822
365
558
939
618
351
925
710
350
628
753
756
90
264
561
468
440
57
645
989
573
154
455
548
677
857
630
502
732
35
404
880
592
644
752
150
538
985
364
855
408
325
796
34
444
456
621
607
817
803
74
786
481
443
187
282
105
762
194
914
288
562
734
355
68
323
54
212
958
146
947
990
883
77
632
116
331
376
58
743
214
156
718
492
476
64
908
878
145
951
773
326
696
148
19
192
673
17
30
218
910
199
959
901
405
397
452
432
819
745
361
345
478
695
388
841
523
905
382
960
965
652
137
275
484
838
576
93
560
879
299
517
848
706
719
283
257
302
946
263
336
916
503
667
177
196
728
346
912
902
50
185
31
996
864
709
380
117
975
298
704
612
821
328
89
702
691
122
665
149
500
790
768
539
104
114
535
526
689
230
252
471
982
508
512
868
44
98
265
514
464
805
531
715
927
771
720
378
625
867
401
370
483
495
459
794
368
45
126
929
683
403
832
248
509
139
590
510
764
949
860
186
222
55
525
634
7
175
260
424
190
473
273
178
863
290
62
797
155
873
125
642
488
39
102
529
193
823
701
384
297
820
770
733
534
601
311
86
189
933
834
586
415
904
398
626
65
458
895
967
623
708
596
792
21
334
36
333
649
180
27
448
664
532
651
130
428
998
375
462
636
233
934
168
420
658
504
981
237
744
842
545
638
793
940
891
992
571
14
617
319
865
240
85
986
208
973
343
173
839
15
475
224
451
407
516
511
572
280
377
872
276
215
429
386
854
181
660
722
578
295
917
11
669
300
729
889
547
427
631
32
437
239
278
888
672
213
850
938
362
79
356
760
580
648
700
42
277
616
172
140
121
1000
366
587
858
141
942
321
835
267
399
393
984
327
555
127
385
133
870
846
569
381
82
806
605
281
944
426
886
259
761
369
418
314
227
457
387
540
163
305
287
588
659
505
783
69
606
759
435
711
950
730
847
238
266
357
491
412
91
977
436
685
6
932
250
595
507
394
200
425
467
713
890
956
48
885
151
926
866
318
742
791
344
528
291
87
174
833
903
705
543
654
477
330
640
633
294
312
918
416
309
179
780
431
809
639
303
814
335
419
317
928
716
128
583
849
755
826
373
202
994
533
2
582
717
261
766
968
837
524
447
723
354
445
811
613
703
936
726
681
29
340
807
410
983
360
600
72
802
337
875
198
25
229
234
313
359
472
205
228
482
40
392
111
974
952
810
422
341
184
26
423
182
167
789
767
787
574
825
106
800
877
367
735
374
316
43
131
441
152
566
597
698
37
559
153
799
913
712
995
438
565
453
922
269
653
134
342
943
46
284
881
671
95
53
963
915
518
682
650
209
352
216
620
289
279
160
962
110
119
271
138
107
680
307
861
684
9
964
818
627
310
557
871
751
292
379
251
813
358
840
721
519
784
551
76
103
577
637
470
10
75
727
469
308
661
874
135
406
777
245
758
844
210
268
324
536
579
988
674
430
84
635
41
609
593
997
584
123
414
241
692
851
610
941
191
83
521
757
945
919
515
489
991
795
59
322
815
556
754
594
906
223
304
808
159
499
736
678
570
749
714
824
293
466
887
400
3
389
169
853
411
219
493
843
831
171
243
772
96
16
554
668
52
816
564
454
78
256
474
845
188
971
144
460
954
830
197
255
112
348
746
413
63
101
662
670
690
56
747
479
421
884
363
442
675
100
97
195
417
909
898
804
249
485
591
585
741
136
961
220
899
686
286
244
527
856
339
33
70
235
61
647
725
73
8
226
930
236
568
603
22
347
969
231
254
124
463
530
449
924
666
688
987
320
731
206
707
748
980
921
217
434
622
541
999
170
563
487
676
132
129
785
546
779
71
836
498
750
88
81
581
911
247
60
246
315
827
852
900
372
948
20
501
332
614
1
544
798
553
166
937
383
976
204
624
935
655
862
306
641
892
109
520
183
781
513
993
737
897
740
4
465
162
446
301
115
349
657
788
274
769
550
907
699
118
739
972
12
978
567
258
542
480
970
391
395
66
611
433
697
812
164
643
157
113
882
49
774
94
506
522
142
225
371
409
598
920
439
599
765
270
552
575
763
253
143
272
147
